l3	l5	l1	l2	l7	l6
1020HH-2	-0.437339087698007	-1.46290868730295	1.08685636709625	1.18176268734254	-0.0770311173342474	-0.291340162103586
ATP2A2	-1.15683703343136	-1.36777340654387	0.965179817584358	0.430154162794369	0.700075745450706	0.429200714145792
ATP2B1	-1.07796792454176	-1.3768782180636	1.13160132466651	0.52607227169773	0.581856427543848	0.215316118697269
BHMT	-1.0388123842585	-1.39803990424711	0.689653581647283	0.433259255509974	1.12590424688963	0.188035204458713
CALB2	-1.15661732409041	-1.19373996964143	1.14701563357078	-0.0361471720437855	0.895519221162272	0.343969611042582
CALM1	-1.51176190652828	-0.763733821055156	0.452766544603165	-0.0730261448025593	0.698867528152535	1.19688779963029
CAPN3	-1.22920907567077	-1.31467863820505	0.947999437411693	0.500100302073574	0.623677358258817	0.47211061613173
CD9	-0.513862773141615	-1.44420383117117	1.11219037283215	1.12386571557317	0.0971616634516789	-0.375151147544207
CETN1	-0.892234786781575	-1.13667484159584	1.59306753270237	-0.130554586302913	0.596707611431627	-0.0303109294536705
CNN1	-1.20280588868226	-1.13517177429534	0.422948379973896	-0.113582718829365	1.10155089722759	0.92706110460548
CNN2	-1.28381428631959	-0.90199982677462	0.231672744136313	-0.245300639807238	1.15263580153025	1.04680620723489
COL11A1	-1.08349275787606	-1.37872042393681	1.0314311465039	0.243599899316568	0.81413766546996	0.373044470522438
COL1A1	-1.14263076599645	-1.35660937776584	0.968509397991145	0.318919599769543	0.805958861970212	0.40585228403139
COL3A1	-1.10223717891456	-1.34709830682633	1.04721289181168	0.323524301302229	0.845395046666241	0.233203245960735
CORIN	-0.39667693044978	-1.45158723993967	1.49707451572125	0.553886738459276	0.187594548644362	-0.390291632435433
CPO	-0.684845971575363	-1.17634355380655	0.791277057372213	1.38926623107792	-0.679305779549212	0.359952016480996
CROCC	-0.94444568372447	-1.27416431642809	0.989383683948033	0.0140461031757682	1.22691183352315	-0.0117316204943945
CSRP1	-1.40843842510987	-1.02655920081597	0.484472022973734	0.114067269722178	1.03752569209482	0.798932641135119
DMBT1	-0.854575564354868	-1.27561938697425	1.39402513569766	-0.140336637102179	0.822547093655322	0.0539593590783259
DOHH	-1.26474999054811	-1.02181267983016	1.44533629701303	0.420398233137039	0.242245352328369	0.17858278789984
DYRK2	-0.842381966993554	-1.35805030654799	1.14818729867671	1.05813924492003	0.0606212567908595	-0.0665155268460532
FLNB	-1.28561689243289	-1.00890702535749	0.54049329311946	-0.236444296658146	1.00667661549033	0.983798305838736
GOT1	-0.902007205252246	-1.15500532571581	1.52999991021078	0.672620279500884	0.0828032695310391	-0.228410928274638
GRIK3	-1.51254089550296	-0.905725427390379	0.832975975348681	0.156614921690451	0.990876628981938	0.437798796872275
HDHD5	-0.108935145426316	-1.24555271367876	1.09719059759695	1.29707759339988	-0.590326348014394	-0.449453983877357
HSP90B1	-0.533537706378666	-0.413312375570177	0.585532040193375	1.50060605282751	-1.37613502039946	0.236847009327417
LDB3	-1.51505713256151	-0.810777687268759	0.377840877046318	0.0603527419166583	0.699647922322653	1.18799327854464
LRP1B	-0.515568351887573	-0.552806638738987	-0.721642379157289	1.25365862526869	-0.778798676982887	1.31515742149804
MNAT1	-0.15445344401801	-1.33789436179122	1.2357161310923	1.10181199527289	-0.212787999157385	-0.63239232139858
MYH16	-1.38078269231469	-0.809063118807053	0.223173352352221	-0.19615502813061	1.00505433969392	1.1577731472062
MYH7B	-1.32941612025522	-1.19579822841594	0.72151364554244	0.24197748052239	0.826108834007997	0.735614388598337
MYL9	-1.2172855662813	-0.7818581866234	-0.137510159686296	-0.235673165300039	1.28232709500017	1.08999998289088
PDLIM2	-1.40904098383598	-0.968525324160532	0.528343468519485	0.0887295982516303	1.22656599185621	0.53392724936919
PFKM	-0.910782115036924	-1.25498563845564	1.42140753585341	0.492524825576183	0.513729742686482	-0.261894350623516
PGAM2	-0.646134972685851	-1.10040339361605	1.47112905926462	0.967893834498265	-0.222114559063978	-0.470369968397002
PI16	-0.672161173742727	-0.827977998273935	0.834518232502181	-0.882351273512794	1.54521186933753	0.00276034368974602
PSAP	-1.15494783777631	-0.957545358634744	0.477308285078882	-0.417324782923165	1.37325713978581	0.679252554469524
RAB28	-1.3900080798869	-0.976146431024869	0.402923852600232	-0.0115691047857277	1.02357415211677	0.951225610980497
SMED30000513	0.533345649092851	1.13744799897995	-1.32388616277638	0.262736448348995	-1.1457192827933	0.536075349147882
SMED30000746	-1.16988441301517	-1.30748095329276	1.02661830844474	0.189024713253374	0.765428787395834	0.496293557213971
SMED30000956	-1.45832244041998	-0.769323732497819	0.154292186084131	-0.0483078616678021	1.01301656184644	1.10864528665504
SMED30001715	-1.48685042609479	-1.05908175055093	0.798793592883228	0.498105631182538	0.650969962916136	0.598062989663819
SMED30003183	-1.4055969514512	-1.1433028405166	0.715326623181822	0.376082669547334	0.698035356378279	0.759455142860365
SMED30004383	0.495660157407075	-1.25782857252091	1.06547876160492	1.0388676804133	-0.502304663291604	-0.839873363612787
SMED30004574	0.0145633334060959	-1.29934116709912	1.21263294145223	1.10087540332132	-0.290812236935458	-0.737918274145068
SMED30005324	-0.114407023552913	-0.46816311004225	-0.899873267798938	-0.655630985683755	1.85720894053649	0.28086544654137
SMED30005644	-1.12600864193209	-1.30071254713217	1.06646262401348	0.0173472471263473	0.692698878137355	0.650212439787082
SMED30006007	-1.31070389127535	-0.8019030136409	0.446552441335912	-0.178495339197084	1.51664650639186	0.327903296385563
SMED30006217	-0.109087319569742	-1.51218106183989	0.927243467026339	1.27298926054706	-0.125887504393869	-0.453076841769893
SMED30007889	-0.800835302391922	-1.24460259235398	0.991072431949265	1.32911520953625	-0.244872985658924	-0.0298767610806883
SMED30008873	-1.02978717360881	-1.43012570335667	1.03480449643524	0.360687868383372	0.784070586503143	0.28034992564373
SMED30008921	0.282078528309011	-1.51426719808639	0.324060760396125	1.45099238529162	0.0957743513519103	-0.638638827262286
SMED30009302	1.10514887371155	0.607109127371944	-0.657983846951304	0.821292665994805	-1.4591875910735	-0.416379229053488
SMED30009430	-0.893656660553982	-1.18670754061717	1.47210299095835	0.737786600535112	0.126676967400079	-0.256202357722391
SMED30010405	-1.17924461835941	-1.07636727038147	1.17226465514399	-0.206083946739139	0.963168279045892	0.326262901290137
SMED30010682	-0.383344300428923	-0.589732821323874	-0.852449478821004	-0.396951747301515	1.86996064449415	0.352517703381164
SMED30011682	-0.719913528879224	-1.05529627296008	1.05456347117211	-0.377163240613475	1.41813580643253	-0.320326235151855
SMED30012661	-0.414517974795099	-0.998676409439598	1.79981918436579	0.445905900638724	-0.264467087379513	-0.568063613390301
SMED30013408	-1.42076953701188	-0.822439194685818	0.311879253356009	-0.148813384094014	0.93496092338657	1.14518193904912
SMED30014482	-1.00487330981596	-1.26645236420992	1.33958415207427	0.717616939388237	0.271293225931919	-0.0571686433685419
SMED30016004	-0.586175999367803	-0.758886099070099	1.90105656511229	0.2719778881459	-0.256295910061217	-0.571676444759074
SMED30016006	0.980662770092157	1.2374117284145	-1.04190008232102	0.317187536714229	-1.06752678798998	-0.425835164909893
SMED30016871	-1.19195862879571	-1.28575065549321	0.78263650154646	0.0782338089462956	0.795090512256835	0.82174846153933
SMED30017150	-0.121552602478638	0.402417138621132	1.75764909850334	-0.32896863670661	-1.14153254149554	-0.568012456443686
SMED30017556	-0.86703628056314	-1.13802340709918	1.54737061373316	-0.165062253080146	0.722252677828192	-0.0995013508188959
SMED30017785	-1.18407957051022	-1.27919464671213	0.626238934840071	0.115706032072614	1.05375313228295	0.667576118026717
SMED30018618	-1.00455250692122	-1.13002939727615	0.938896002073982	-0.38341254338931	1.25784453059155	0.321253914921142
SMED30020051	-0.288148426991123	-1.32478854102903	1.41233259646907	0.895481521587756	-0.0985328095116124	-0.596344340525057
SMED30020396	0.235933641833782	-1.52901641422013	0.719861070337174	1.33014160620751	-0.505942495765833	-0.250977408392498
SMED30020678	-0.686477595204376	-1.16764983564079	1.33906134876959	1.09026003472156	-0.19229196084498	-0.382901991801003
SMED30022790	-0.675837802062574	-1.15478283708198	1.08359441972111	1.32467735161966	-0.527501598488816	-0.0501495337074056
SMED30024232	-1.40744121076343	-0.75792356225279	1.20539667410942	-0.0981025897188043	0.988545442623424	0.0695252460021612
SMED30025277	-1.17120346082739	-1.31508805373488	0.930534201024559	0.150976118178922	0.594147645677536	0.810633549681249
SMED30025317	-1.04698796789424	-1.43916617376394	0.959521092525199	0.384029671480663	0.807613098293436	0.334990279358878
SMED30025603	-1.26065760335493	-1.12113224796691	0.484685445938746	-0.0600538705708094	0.973879019400705	0.983279256553197
SMED30025726	-0.757410311745991	-0.881104286211513	0.851040200741231	-0.855132272695479	1.47145173854472	0.171154931367028
SMED30026425	-0.787193165329011	-1.38911809706699	1.29263195204642	0.0624466718595682	0.878948124337279	-0.0577154858472721
SMED30026746	-1.36013932697814	-0.752324256201163	0.769453484803735	-0.361255173600449	1.30446282532837	0.399802446647653
SMED30027268	-0.760852455380604	-1.22570834635926	1.28563604543461	1.0872727297281	-0.125764112095539	-0.260583861327312
SMED30029159	-1.35779934050381	-0.999578069357415	0.41874984215359	-0.026824902224611	0.825163671641737	1.14028879829051
SMED30031132	-0.999698760928888	-1.22278147999919	0.23682444791075	-0.164607100326476	1.31009023850196	0.840172654841839
SMED30031317	-0.995341042903696	-0.770545684200281	0.237365611529088	-0.643701364822868	1.62721493824927	0.545007542148485
SMED30031405	-0.170688453391854	-0.479231552788749	1.23392568913681	-1.46257263854729	1.02816856574698	-0.149601610155892
SMED30031553	-0.386625457095446	-1.16383661751095	1.55884872121429	0.798908627152979	-0.177951021955446	-0.629344251805435
SMED30031990	0.558695159087119	-0.658061623640435	0.398423743937712	1.46170308445155	-1.33279520291527	-0.427965160920674
SMED30032199	-0.391519113651209	0.0417237956303724	0.227062635108494	-1.44950063803629	1.63946405774092	-0.0672307367922951
SMED30033583	0.807692642943844	1.41650579869154	-1.38832206746639	-0.412813524376094	-0.488839611259763	0.0657767614668643
SMED30033646	-0.446235605891586	-1.18305244058961	1.32546729439439	1.11258056998824	-0.204986563902517	-0.603773253998922
SMED30033838	-0.485443624455703	-1.60555078801499	1.08909127279902	0.801390094540844	0.511414965158269	-0.310901920027439
SMED30034824	-1.00024679663028	-1.15370029525198	1.39207945623151	-0.15036469631105	0.838152359599779	0.0740799723620273
SMED30034983	-0.165106697853961	-1.25211103115543	1.31642632402228	1.06027486281682	-0.270585758693865	-0.688897699135849
SMED30035526	-0.778969315738869	-1.02716882995817	1.78546876570231	0.177339333756046	0.152435807771921	-0.309105761533241
SMED30036017	-1.24425108190554	-1.23275610134605	0.883442931375023	0.0961338489245402	0.851888851268268	0.645541551683758
STXBP1	-0.661843481579132	-1.22619938951415	1.39651764636546	0.956558328034182	-0.0263552095940041	-0.438677893712355
SYN2	-0.557162967086152	-1.22149780538899	1.42932008135756	0.945881216521232	-0.0958658783946249	-0.500674647009026
Sparc, partial	-1.0793967512628	-1.3611619704746	1.14315819227712	0.338147429757362	0.704240832601229	0.255012267101687
TNNI3	-1.35490099557262	-0.826868095629196	0.247246513110754	-0.218324664350822	1.2412876904912	0.911559551950701
TPM3	-1.48158252403902	-0.935190195054766	0.537173446921823	0.0704891496534144	0.890976152258291	0.91813397026026
TTN	-1.2641298290641	-0.66861202076362	-0.10665065138123	-0.338394354488918	1.22140092549149	1.15638593020637
TUBA1C	-0.473541216113174	-0.303044546450652	0.111639318441615	1.5711053187585	-1.39979098430967	0.493632109673391
TUBB4B	-0.948395716447317	-1.15491801926746	1.48406889928188	0.203910562019769	0.674795941138426	-0.259461666725302
VIL1	-1.36531580124417	-1.15389016372847	0.723092806336192	0.25884313946827	0.640206586752424	0.897063432415757
X1.C.A4.1, partial	-1.08473005044465	-0.964878535752147	-0.204803008742656	-0.119782603315767	1.28111555195898	1.09307864629624
X1.C3.3	-1.13733538708547	-1.29712415603099	1.23567014396834	0.386522378775694	0.500388565601089	0.311878454771344
X1.D.H1.3	1.01288308979275	1.49625521764042	-0.774672305394436	-0.502938290989796	-0.864655210603471	-0.366872500445468
ZAN	-0.28066434242017	-0.863781254365565	0.996236853359827	-0.93625638417515	1.46905867481276	-0.384593547211694
alpha tubulin, partial	-0.951553325209363	-1.13787449117725	1.46569099048856	-0.0127934402387954	0.791967977710784	-0.155437711573932
myomodulin prohormone like-2	-0.670549013238309	-0.982526043432186	1.15963178621282	-0.510978419681224	1.36091053181588	-0.356488841676979
myosin heavy chain A, partial	-1.11844036009147	-1.38703786915434	0.833857263548854	0.252369432976099	0.881485283424686	0.537766249296185
neuropeptide precursor-22	-0.455465093391361	-1.36444320026545	1.36845459260971	0.880408029620289	0.0946014044431347	-0.523555733016326
pedal peptide prohormone like-1	-0.236291667287673	-1.44328034127953	1.1891992860163	0.873306388765583	0.361222056579106	-0.744155722793794
prohormone convertase 2	0.170133157087169	-1.28141159554364	1.3041059113353	0.941152151174257	-0.343803188163828	-0.790176435889256
reticulocalbin-1	-0.778602376360392	-0.937689273818648	-0.287913181526607	-0.278019293395409	1.75350693479307	0.528717190307994
secreted peptide prohormone 1	-0.151817399540318	-1.19572049513576	1.34163322914337	1.07526713547919	-0.43655683825974	-0.632805631686742
slc1a-2	-0.589482966716627	-1.16636199657831	1.2783236900411	1.11422097616475	0.00861836473657038	-0.645318067647478
