time_simu	ARNT_act	ndk_act	ARNT_pred	ndk_pred	time_realp	ARNT_realp	ndk_realp	EGR1_act	hox4b_act	EGR1_pred	hox4b_pred	EGR1_realp	hox4b_realp	NFYA_act	glra1_act	NFYA_pred	glra1_pred	NFYA_realp	glra1_realp
0.0280563	5.62821	1.86018	5.72861	1.85624	0	6.26788	1.98888	4.5203	3.35168	4.50789	3.35227	4.23108	3.43679	6.34751	4.74735	6.40543	4.71344	6.06253	5.72747
0.0561125	5.56977	1.91364	5.76955	1.90629	0.5	4.0376	2.26673	4.54833	3.35849	4.52361	3.3598	5.49606	3.67766	6.37969	4.80431	6.44989	4.78269	7.42294	4.76638
0.0841688	5.51172	1.9671	5.80967	1.95684	1.5	5.45984	4.50424	4.57633	3.36533	4.53943	3.36749	5.33008	3.53909	6.41179	4.86127	6.49411	4.85287	6.82652	7.97672
0.112225	5.45423	2.02056	5.84899	2.0079	3	8.35099	7.7168	4.60431	3.37221	4.55535	3.37534	7.62466	8.44799	6.44375	4.91825	6.53809	4.92398	9.26707	11.0033
0.140281	5.3975	2.07403	5.88751	2.05943	5	6.02681	10.6166	4.63226	3.37915	4.57139	3.38335	8.10016	6.68241	6.47549	4.97526	6.58183	4.99602	7.84314	17.8545
0.168338	5.34172	2.12751	5.92526	2.11142	7	6.54856	8.57221	4.66017	3.38616	4.58752	3.39152	6.45077	8.66061	6.50693	5.0323	6.6253	5.06896	6.67694	18.8687
0.196394	5.28707	2.18099	5.96225	2.16386	10	6.99628	14.1651	4.68803	3.39327	4.60375	3.39986	10.1852	7.60681	6.53801	5.08938	6.6685	5.14282	8.43965	30.1981
0.22445	5.23375	2.23449	5.99848	2.21673	14	4.52702	6.83961	4.71583	3.40048	4.62009	3.40837	5.80548	5.03839	6.56866	5.14651	6.71143	5.21757	4.96516	11.5804
0.252506	5.18194	2.28801	6.03398	2.27001				4.74357	3.40781	4.63653	3.41704			6.59879	5.2037	6.75407	5.29322		
0.280562	5.13184	2.34153	6.06876	2.32369				4.77123	3.41527	4.65307	3.42587			6.62834	5.26096	6.79642	5.36975		
0.308619	5.08364	2.39508	6.10282	2.37774				4.79882	3.42288	4.66971	3.43488			6.65724	5.31829	6.83847	5.44716		
0.336675	5.03752	2.44864	6.13619	2.43216				4.82631	3.43066	4.68644	3.44405			6.6854	5.37571	6.88021	5.52543		
0.364731	4.99367	2.50222	6.16887	2.48694				4.85371	3.43861	4.70328	3.4534			6.71276	5.43322	6.92164	5.60456		
0.392788	4.95228	2.55583	6.20088	2.54204				4.881	3.44676	4.72021	3.46291			6.73925	5.49083	6.96274	5.68454		
0.420844	4.91355	2.60945	6.23224	2.59746				4.90817	3.45512	4.73724	3.4726			6.76479	5.54855	7.00352	5.76536		
0.4489	4.87766	2.6631	6.26294	2.65318				4.93523	3.46371	4.75437	3.48246			6.7893	5.60638	7.04397	5.847		
0.476956	4.8448	2.71678	6.29301	2.70919				4.96215	3.47253	4.77159	3.4925			6.81273	5.66434	7.08408	5.92946		
0.505012	4.81516	2.77049	6.32246	2.76548				4.98894	3.48161	4.78891	3.50271			6.83498	5.72244	7.12385	6.01272		
0.533069	4.78886	2.82422	6.3513	2.82202				5.01559	3.49096	4.80631	3.5131			6.856	5.78068	7.16327	6.09677		
0.561125	4.76586	2.87798	6.37954	2.8788				5.04209	3.50064	4.82381	3.52366			6.87574	5.83907	7.20233	6.18161		
0.589181	4.74609	2.93177	6.40719	2.93581				5.06847	3.51068	4.84141	3.53441			6.89427	5.8976	7.24104	6.26722		
0.617237	4.72949	2.98557	6.43426	2.99304				5.09474	3.52114	4.85909	3.54533			6.91166	5.95629	7.27939	6.35358		
0.645294	4.71599	3.0394	6.46077	3.05047				5.12088	3.53206	4.87686	3.55643			6.92798	6.01512	7.31737	6.44068		
0.67335	4.70553	3.09323	6.48673	3.10809				5.14693	3.5435	4.89472	3.56772			6.94331	6.0741	7.35498	6.52852		
0.701406	4.69803	3.14708	6.51214	3.16588				5.17288	3.55549	4.91266	3.57919			6.95771	6.13323	7.39222	6.61707		
0.729463	4.69344	3.20094	6.53702	3.22384				5.19873	3.56808	4.9307	3.59084			6.97127	6.19251	7.42908	6.70633		
0.757519	4.69169	3.2548	6.56137	3.28194				5.22451	3.58133	4.94881	3.60267			6.98405	6.25194	7.46556	6.79628		
0.785575	4.69272	3.30867	6.58521	3.34018				5.25022	3.59527	4.96701	3.6147			6.99613	6.31152	7.50166	6.8869		
0.813631	4.69645	3.36254	6.60855	3.39854				5.27585	3.60996	4.9853	3.6269			7.00758	6.37124	7.53738	6.97819		
0.841688	4.70282	3.41641	6.6314	3.45701				5.30144	3.62544	5.00366	3.6393			7.01847	6.43111	7.57271	7.07012		
0.869744	4.71177	3.47027	6.65376	3.51558				5.32697	3.64176	5.0221	3.65188			7.02889	6.49113	7.60766	7.16269		
0.8978	4.72323	3.52412	6.67564	3.57424				5.35246	3.65897	5.04062	3.66465			7.03889	6.55129	7.64221	7.25588		
0.925856	4.73713	3.57797	6.69706	3.63297				5.37791	3.67711	5.05922	3.67762			7.04856	6.6116	7.67638	7.34966		
0.953912	4.75341	3.63179	6.71802	3.69177				5.40334	3.69623	5.0779	3.69077			7.05796	6.67206	7.71015	7.44404		
0.981969	4.77201	3.68561	6.73853	3.75063				5.42875	3.71638	5.09664	3.70412			7.06717	6.73266	7.74352	7.53899		
1.01002	4.79285	3.7394	6.75861	3.80952				5.45415	3.7376	5.11546	3.71765			7.07627	6.79341	7.77651	7.6345		
1.03808	4.81587	3.79317	6.77825	3.86845				5.47954	3.75995	5.13436	3.73138			7.08532	6.85431	7.80909	7.73055		
1.06614	4.84101	3.84692	6.79747	3.92739				5.50494	3.78346	5.15332	3.74531			7.0944	6.91535	7.84128	7.82713		
1.09419	4.8682	3.90064	6.81627	3.98635				5.53036	3.80819	5.17235	3.75943			7.10358	6.97653	7.87308	7.92422		
1.12225	4.89737	3.95433	6.83466	4.04531				5.55579	3.83419	5.19145	3.77375			7.11294	7.03787	7.90448	8.02181		
1.15031	4.92847	4.00798	6.85265	4.10426				5.58125	3.86149	5.21061	3.78826			7.12255	7.09934	7.93548	8.11988		
1.17836	4.96141	4.0616	6.87025	4.1632				5.60675	3.89015	5.22983	3.80297			7.13247	7.16097	7.96608	8.21841		
1.20642	4.99615	4.11518	6.88747	4.2221				5.63229	3.92022	5.24912	3.81788			7.1428	7.22273	7.99629	8.31739		
1.23447	5.0326	4.16872	6.9043	4.28097				5.65788	3.95174	5.26847	3.83299			7.15359	7.28464	8.0261	8.4168		
1.26253	5.07071	4.22221	6.92077	4.33979				5.68354	3.98475	5.28787	3.8483			7.16492	7.3467	8.05551	8.51662		
1.29059	5.11041	4.27566	6.93687	4.39855				5.70926	4.01931	5.30733	3.86381			7.17686	7.4089	8.08454	8.61685		
1.31864	5.15164	4.32906	6.95261	4.45726				5.73505	4.05546	5.32685	3.87952			7.18949	7.47124	8.11316	8.71746		
1.3467	5.19432	4.3824	6.968	4.51589				5.76093	4.09326	5.34642	3.89543			7.20289	7.53373	8.1414	8.81844		
1.37476	5.2384	4.43568	6.98304	4.57444				5.7869	4.13274	5.36604	3.91155			7.21711	7.59636	8.16924	8.91978		
1.40281	5.2838	4.48891	6.99775	4.6329				5.81296	4.17395	5.38571	3.92786			7.23224	7.65914	8.19669	9.02144		
1.43087	5.33047	4.54208	7.01212	4.69126				5.83914	4.21694	5.40543	3.94438			7.24835	7.72205	8.22375	9.12343		
1.45893	5.37833	4.59518	7.02616	4.74952				5.86542	4.26177	5.4252	3.96111			7.26552	7.78511	8.25042	9.22572		
1.48698	5.42732	4.64821	7.03989	4.80767				5.89183	4.30846	5.445	3.97804			7.28381	7.84832	8.27671	9.3283		
1.51504	5.47738	4.70117	7.0533	4.8657				5.91837	4.35708	5.46485	3.99517			7.30329	7.91166	8.3026	9.43116		
1.54309	5.52844	4.75406	7.06639	4.9236				5.94503	4.40759	5.48474	4.01251			7.32405	7.97515	8.32812	9.53427		
1.57115	5.58043	4.80687	7.07919	4.98137				5.97182	4.45993	5.50467	4.03005			7.34608	8.03878	8.35325	9.63761		
1.59921	5.6333	4.8596	7.09168	5.039				5.99871	4.514	5.52463	4.04781			7.36934	8.10255	8.37801	9.74119		
1.62726	5.68699	4.91224	7.10389	5.09649				6.0257	4.56972	5.54463	4.06576			7.39378	8.16646	8.40238	9.84497		
1.65532	5.74142	4.96479	7.1158	5.15382				6.05277	4.62702	5.56466	4.08393			7.41934	8.23052	8.42638	9.94895		
1.68338	5.79654	5.01725	7.12743	5.21099				6.07993	4.68581	5.58472	4.1023			7.44597	8.29472	8.45	10.0531		
1.71143	5.85228	5.0696	7.13878	5.26799				6.10715	4.74601	5.6048	4.12088			7.47362	8.35906	8.47325	10.1574		
1.73949	5.90859	5.12185	7.14986	5.32482				6.13442	4.80754	5.62491	4.13967			7.50225	8.42355	8.49613	10.2619		
1.76754	5.96539	5.17399	7.16067	5.38148				6.16175	4.87032	5.64505	4.15866			7.53179	8.48818	8.51865	10.3665		
1.7956	6.02264	5.22602	7.17121	5.43795				6.18911	4.93426	5.6652	4.17787			7.5622	8.55295	8.54079	10.4712		
1.82366	6.08025	5.27793	7.1815	5.49423				6.2165	4.99929	5.68538	4.19728			7.59343	8.61786	8.56258	10.576		
1.85171	6.13818	5.32972	7.19153	5.55032				6.24391	5.06532	5.70557	4.2169			7.62542	8.68292	8.584	10.6809		
1.87977	6.19635	5.38138	7.20131	5.60621				6.27132	5.13227	5.72578	4.23673			7.65812	8.74812	8.60506	10.7859		
1.90782	6.25472	5.43291	7.21084	5.66189				6.29874	5.20006	5.746	4.25677			7.69149	8.81347	8.62577	10.8909		
1.93588	6.3132	5.48431	7.22013	5.71736				6.32613	5.26861	5.76623	4.27701			7.72547	8.87895	8.64612	10.9959		
1.96394	6.37175	5.53557	7.22918	5.77262				6.35351	5.33783	5.78647	4.29747			7.76	8.94459	8.66612	11.101		
1.99199	6.43029	5.58668	7.23799	5.82766				6.38085	5.40765	5.80671	4.31813			7.79505	9.01036	8.68578	11.2061		
2.02005	6.48877	5.63764	7.24658	5.88248				6.40815	5.47798	5.82696	4.33901			7.83055	9.07628	8.70508	11.3112		
2.04811	6.54712	5.68846	7.25494	5.93706				6.43539	5.54874	5.8472	4.36009			7.86646	9.14234	8.72405	11.4163		
2.07616	6.60528	5.73911	7.26308	5.99142				6.46258	5.61985	5.86745	4.38138			7.90272	9.20855	8.74267	11.5214		
2.10422	6.66319	5.78961	7.27099	6.04553				6.48968	5.69123	5.88769	4.40287			7.93928	9.2749	8.76095	11.6264		
2.13227	6.72079	5.83993	7.27869	6.09941				6.51671	5.7628	5.90793	4.42458			7.9761	9.3414	8.7789	11.7314		
2.16033	6.778	5.89009	7.28618	6.15304				6.54364	5.83447	5.92816	4.44649			8.01311	9.40804	8.79652	11.8363		
2.18839	6.83478	5.94008	7.29346	6.20642				6.57047	5.90616	5.94838	4.46861			8.05027	9.47482	8.8138	11.9411		
2.21644	6.89105	5.98988	7.30054	6.25954				6.59718	5.97779	5.96859	4.49094			8.08753	9.54175	8.83076	12.0458		
2.2445	6.94676	6.03951	7.30741	6.31242				6.62377	6.04929	5.98879	4.51347			8.12484	9.60882	8.84739	12.1504		
2.27256	7.00184	6.08894	7.31409	6.36503				6.65023	6.12056	6.00896	4.53621			8.16214	9.67604	8.8637	12.2548		
2.30061	7.05622	6.13819	7.32057	6.41737				6.67654	6.19153	6.02912	4.55915			8.19939	9.74341	8.87969	12.3592		
2.32867	7.10986	6.18723	7.32685	6.46946				6.7027	6.26212	6.04925	4.5823			8.23652	9.81091	8.89537	12.4633		
2.35672	7.16268	6.23608	7.33295	6.52127				6.72869	6.33224	6.06936	4.60565			8.2735	9.87857	8.91073	12.5674		
2.38478	7.21461	6.28472	7.33887	6.5728				6.75451	6.40181	6.08945	4.62921			8.31026	9.94637	8.92578	12.6712		
2.41284	7.26561	6.33315	7.3446	6.62407				6.78015	6.47075	6.10951	4.65297			8.34677	10.0143	8.94052	12.7749		
2.44089	7.3156	6.38137	7.35014	6.67505				6.80559	6.53898	6.12953	4.67693			8.38296	10.0824	8.95496	12.8783		
2.46895	7.36453	6.42937	7.35552	6.72575				6.83083	6.60641	6.14952	4.7011			8.41878	10.1506	8.9691	12.9816		
2.49701	7.41232	6.47715	7.36071	6.77617				6.85585	6.67297	6.16948	4.72546			8.45419	10.219	8.98293	13.0846		
2.52506	7.45893	6.5247	7.36574	6.8263				6.88065	6.73858	6.1894	4.75003			8.48913	10.2875	8.99647	13.1874		
2.55312	7.50428	6.57202	7.3706	6.87614				6.90522	6.80315	6.20927	4.7748			8.52355	10.3562	9.00972	13.29		
2.58117	7.54831	6.61911	7.37529	6.92569				6.92954	6.86659	6.22911	4.79976			8.5574	10.425	9.02267	13.3923		
2.60923	7.59096	6.66595	7.37982	6.97495				6.9536	6.92884	6.2489	4.82492			8.59063	10.494	9.03533	13.4943		
2.63729	7.63216	6.71256	7.38418	7.02391				6.9774	6.9898	6.26864	4.85028			8.62319	10.5631	9.04771	13.5961		
2.66534	7.67187	6.75891	7.38839	7.07257				7.00093	7.0494	6.28834	4.87583			8.65502	10.6324	9.05981	13.6976		
2.6934	7.71	6.80501	7.39244	7.12093				7.02417	7.10756	6.30798	4.90158			8.68608	10.7018	9.07163	13.7987		
2.72146	7.7465	6.85085	7.39634	7.16899				7.04712	7.16419	6.32757	4.92752			8.71631	10.7713	9.08317	13.8996		
2.74951	7.78131	6.89643	7.40008	7.21674				7.06976	7.2192	6.3471	4.95365			8.74566	10.841	9.09443	14.0001		
2.77757	7.81437	6.94175	7.40368	7.26419				7.09208	7.27253	6.36658	4.97997			8.77408	10.9108	9.10542	14.1004		
2.80562	7.8456	6.98679	7.40713	7.31133				7.11408	7.32408	6.38599	5.00648			8.80152	10.9808	9.11615	14.2002		
2.83368	7.87496	7.03156	7.41044	7.35816				7.13575	7.37378	6.40534	5.03318			8.82793	11.051	9.12661	14.2998		
2.86174	7.90236	7.07605	7.4136	7.40468				7.15707	7.42155	6.42463	5.06007			8.85325	11.1212	9.1368	14.3989		
2.88979	7.92777	7.12026	7.41663	7.45089				7.17804	7.4673	6.44385	5.08714			8.87744	11.1917	9.14673	14.4978		
2.91785	7.9511	7.16418	7.41951	7.49679				7.19864	7.51095	6.463	5.1144			8.90045	11.2623	9.15641	14.5962		
2.94591	7.9723	7.2078	7.42226	7.54236				7.21886	7.55241	6.48208	5.14184			8.92221	11.333	9.16583	14.6942		
2.97396	7.99131	7.25113	7.42488	7.58763				7.2387	7.59162	6.50109	5.16946			8.94268	11.4038	9.17499	14.7919		
3.00202	8.00806	7.29416	7.42737	7.63257				7.25815	7.62848	6.52002	5.19726			8.96182	11.4749	9.18391	14.8891		
3.03008	8.02251	7.33689	7.42972	7.6772				7.27719	7.66295	6.53887	5.22524			8.97956	11.546	9.19258	14.986		
3.05813	8.0347	7.3793	7.43195	7.7215				7.29582	7.69505	6.55764	5.25339			8.99588	11.6173	9.201	15.0824		
3.08619	8.04468	7.42142	7.43405	7.76549				7.31406	7.72484	6.57633	5.28172			9.01077	11.6888	9.20919	15.1784		
3.11424	8.05249	7.46322	7.43603	7.80915				7.33189	7.75237	6.59494	5.31022			9.02428	11.7604	9.21713	15.2739		
3.1423	8.05819	7.50472	7.43788	7.85249				7.34933	7.77769	6.61346	5.3389			9.03642	11.8321	9.22483	15.3691		
3.17036	8.06183	7.54591	7.43962	7.89551				7.36637	7.80086	6.6319	5.36774			9.0472	11.904	9.2323	15.4637		
3.19841	8.06345	7.5868	7.44124	7.9382				7.38301	7.82192	6.65024	5.39675			9.05667	11.976	9.23954	15.5579		
3.22647	8.0631	7.62737	7.44274	7.98056				7.39926	7.84093	6.66849	5.42593			9.06483	12.0481	9.24655	15.6517		
3.25452	8.06084	7.66764	7.44412	8.02261				7.41511	7.85795	6.68665	5.45526			9.07171	12.1203	9.25333	15.745		
3.28258	8.05672	7.7076	7.4454	8.06432				7.43057	7.87301	6.70472	5.48477			9.07733	12.1926	9.25989	15.8378		
3.31064	8.05077	7.74724	7.44656	8.10571				7.44564	7.88618	6.72268	5.51443			9.08171	12.265	9.26622	15.9301		
3.33869	8.04306	7.78658	7.44761	8.14677				7.46032	7.8975	6.74055	5.54424			9.08489	12.3376	9.27234	16.0219		
3.36675	8.03364	7.8256	7.44855	8.1875				7.47461	7.90704	6.75832	5.57422			9.08687	12.4102	9.27824	16.1132		
3.39481	8.02254	7.86432	7.44939	8.22791				7.48851	7.91483	6.77599	5.60435			9.08769	12.4829	9.28392	16.204		
3.42286	8.00983	7.90272	7.45012	8.26798				7.50203	7.92094	6.79355	5.63463			9.08736	12.5557	9.28939	16.2943		
3.45092	7.99554	7.94081	7.45075	8.30773				7.51517	7.92541	6.811	5.66505			9.08591	12.6286	9.29466	16.3841		
3.47898	7.97974	7.97858	7.45127	8.34715				7.52792	7.92829	6.82835	5.69563			9.08336	12.7016	9.29971	16.4734		
3.50703	7.96247	8.01604	7.4517	8.38624				7.54029	7.92965	6.84558	5.72635			9.07974	12.7747	9.30456	16.5621		
3.53509	7.94377	8.05319	7.45203	8.425				7.55229	7.92952	6.86271	5.75721			9.07505	12.8478	9.3092	16.6503		
3.56314	7.92371	8.09003	7.45225	8.46343				7.5639	7.92797	6.87972	5.78821			9.06934	12.921	9.31365	16.738		
3.5912	7.90232	8.12654	7.45239	8.50153				7.57514	7.92504	6.89662	5.81935			9.06262	12.9943	9.3179	16.8251		
3.61926	7.87966	8.16275	7.45243	8.5393				7.586	7.92079	6.91341	5.85062			9.05491	13.0676	9.32195	16.9117		
3.64731	7.85578	8.19863	7.45237	8.57674				7.59648	7.91527	6.93007	5.88203			9.04623	13.1409	9.32581	16.9977		
3.67537	7.83073	8.2342	7.45222	8.61385				7.6066	7.90853	6.94662	5.91357			9.03662	13.2144	9.32947	17.0831		
3.70342	7.80455	8.26946	7.45199	8.65063				7.61634	7.90062	6.96305	5.94523			9.02608	13.2878	9.33295	17.168		
3.73148	7.7773	8.30439	7.45166	8.68709				7.62571	7.89159	6.97935	5.97702			9.01465	13.3613	9.33624	17.2524		
3.75954	7.74903	8.33901	7.45125	8.72321				7.63472	7.8815	6.99554	6.00894			9.00234	13.4348	9.33934	17.3361		
3.78759	7.71978	8.37331	7.45074	8.75901				7.64335	7.8704	7.01159	6.04097			8.98918	13.5084	9.34227	17.4193		
3.81565	7.68961	8.40729	7.45016	8.79448				7.65162	7.85834	7.02753	6.07312			8.97519	13.582	9.34501	17.5019		
3.84371	7.65856	8.44095	7.44949	8.82962				7.65953	7.84538	7.04333	6.10539			8.9604	13.6556	9.34757	17.5839		
3.87176	7.62668	8.47429	7.44873	8.86443				7.66707	7.83155	7.05901	6.13777			8.94482	13.7292	9.34996	17.6653		
3.89982	7.59403	8.50731	7.4479	8.89891				7.67425	7.81692	7.07456	6.17025			8.92848	13.8029	9.35217	17.7461		
3.92788	7.56065	8.54001	7.44698	8.93307				7.68107	7.80155	7.08997	6.20285			8.9114	13.8765	9.35421	17.8264		
3.95593	7.52659	8.57239	7.44599	8.9669				7.68753	7.78547	7.10526	6.23555			8.89361	13.9502	9.35608	17.906		
3.98399	7.4919	8.60444	7.44491	9.00041				7.69364	7.76874	7.12041	6.26835			8.87512	14.0238	9.35778	17.985		
4.01204	7.45664	8.63618	7.44376	9.03359				7.69938	7.75142	7.13543	6.30124			8.85596	14.0974	9.35932	18.0635		
4.0401	7.42085	8.66759	7.44253	9.06644				7.70478	7.73356	7.15031	6.33424			8.83615	14.1711	9.36069	18.1413		
4.06816	7.38458	8.69867	7.44123	9.09897				7.70982	7.7152	7.16505	6.36732			8.81571	14.2447	9.3619	18.2185		
4.09621	7.34787	8.72944	7.43986	9.13118				7.7145	7.69641	7.17966	6.4005			8.79467	14.3183	9.36295	18.2951		
4.12427	7.31079	8.75987	7.43841	9.16306				7.71884	7.67722	7.19413	6.43376			8.77305	14.3919	9.36384	18.371		
4.15233	7.27338	8.78999	7.43689	9.19462				7.72283	7.6577	7.20846	6.46711			8.75087	14.4654	9.36457	18.4464		
4.18038	7.23568	8.81977	7.4353	9.22586				7.72646	7.6379	7.22265	6.50054			8.72816	14.5389	9.36515	18.5211		
4.20844	7.19775	8.84924	7.43364	9.25677				7.72976	7.61787	7.2367	6.53404			8.70493	14.6124	9.36558	18.5952		
4.23649	7.15964	8.87837	7.43191	9.28737				7.7327	7.59765	7.2506	6.56763			8.68121	14.6858	9.36586	18.6687		
4.26455	7.1214	8.90718	7.43011	9.31765				7.73531	7.57731	7.26437	6.60128			8.65702	14.7592	9.36598	18.7415		
4.29261	7.08308	8.93566	7.42825	9.3476				7.73757	7.5569	7.27799	6.635			8.63239	14.8326	9.36596	18.8137		
4.32066	7.04472	8.96381	7.42632	9.37724				7.73949	7.53646	7.29146	6.66879			8.60733	14.9059	9.3658	18.8853		
4.34872	7.00638	8.99164	7.42433	9.40657				7.74107	7.51605	7.30479	6.70265			8.58188	14.9791	9.36549	18.9563		
4.37677	6.9681	9.01913	7.42227	9.43557				7.74231	7.49572	7.31798	6.73656			8.55604	15.0522	9.36504	19.0266		
4.40483	6.92993	9.0463	7.42015	9.46426				7.74322	7.47552	7.33101	6.77053			8.52985	15.1253	9.36445	19.0963		
4.43289	6.89194	9.07313	7.41797	9.49264				7.74379	7.45551	7.3439	6.80456			8.50333	15.1983	9.36373	19.1653		
4.46094	6.85415	9.09964	7.41573	9.5207				7.74402	7.43573	7.35665	6.83863			8.47649	15.2713	9.36286	19.2337		
4.489	6.81663	9.12581	7.41342	9.54845				7.74393	7.41624	7.36924	6.87276			8.44937	15.3441	9.36186	19.3014		
4.51706	6.77942	9.15165	7.41106	9.57588				7.7435	7.39709	7.38169	6.90693			8.42198	15.4169	9.36073	19.3685		
4.54511	6.74257	9.17716	7.40864	9.60301				7.74274	7.37834	7.39398	6.94114			8.39435	15.4896	9.35947	19.435		
4.57317	6.70614	9.20234	7.40616	9.62983				7.74165	7.36003	7.40613	6.97539			8.3665	15.5622	9.35807	19.5008		
4.60123	6.67017	9.22718	7.40363	9.65633				7.74024	7.34221	7.41812	7.00967			8.33845	15.6347	9.35655	19.566		
4.62928	6.63471	9.2517	7.40104	9.68253				7.7385	7.32495	7.42996	7.04399			8.31023	15.707	9.3549	19.6305		
4.65734	6.59981	9.27587	7.39839	9.70842				7.73644	7.30828	7.44165	7.07834			8.28185	15.7793	9.35313	19.6944		
4.68539	6.56551	9.29972	7.39569	9.73401				7.73405	7.29227	7.45319	7.11271			8.25335	15.8515	9.35124	19.7576		
4.71345	6.53188	9.32322	7.39293	9.75929				7.73134	7.27696	7.46458	7.14711			8.22473	15.9235	9.34922	19.8202		
4.74151	6.49896	9.3464	7.39013	9.78427				7.72831	7.26241	7.47582	7.18153			8.19604	15.9954	9.34708	19.8821		
4.76956	6.4668	9.36923	7.38727	9.80895				7.72496	7.24867	7.4869	7.21596			8.16727	16.0672	9.34482	19.9434		
4.79762	6.43544	9.39173	7.38436	9.83332				7.7213	7.23578	7.49783	7.25041			8.13847	16.1389	9.34245	20.004		
4.82567	6.40495	9.4139	7.3814	9.8574				7.71732	7.22381	7.50861	7.28487			8.10966	16.2104	9.33996	20.064		
4.85373	6.37536	9.43572	7.37839	9.88117				7.71302	7.21281	7.51923	7.31933			8.08084	16.2818	9.33736	20.1233		
4.88179	6.34672	9.45721	7.37533	9.90465				7.70841	7.20282	7.5297	7.3538			8.05206	16.353	9.33464	20.182		
4.90984	6.3191	9.47836	7.37222	9.92783				7.70349	7.1939	7.54001	7.38827			8.02332	16.4241	9.33182	20.24		
4.9379	6.29252	9.49917	7.36906	9.95071				7.69826	7.1861	7.55017	7.42274			7.99466	16.495	9.32888	20.2974		
4.96596	6.26706	9.51964	7.36586	9.97331				7.69272	7.17948	7.56018	7.45721			7.96609	16.5658	9.32584	20.3541		
4.99401	6.24275	9.53977	7.36261	9.9956				7.68687	7.17407	7.57003	7.49166			7.93764	16.6364	9.32268	20.4102		
5.02207	6.21963	9.55956	7.35932	10.0176				7.68072	7.16994	7.57973	7.52611			7.90934	16.7069	9.31943	20.4656		
5.05013	6.19772	9.57902	7.35598	10.0393				7.67427	7.16708	7.58927	7.56054			7.88119	16.7771	9.31607	20.5204		
5.07818	6.17699	9.59815	7.3526	10.0608				7.66754	7.16545	7.59866	7.59495			7.85322	16.8472	9.3126	20.5745		
5.10624	6.15742	9.61697	7.34917	10.0819				7.66055	7.16503	7.60789	7.62935			7.82542	16.9172	9.30904	20.628		
5.13429	6.13899	9.63548	7.3457	10.1027				7.6533	7.1658	7.61697	7.66372			7.79782	16.987	9.30537	20.6809		
5.16235	6.12169	9.6537	7.34219	10.1233				7.64582	7.16772	7.6259	7.69806			7.77041	17.0566	9.30161	20.733		
5.19041	6.10549	9.67163	7.33864	10.1436				7.63811	7.17076	7.63467	7.73237			7.7432	17.1261	9.29775	20.7846		
5.21846	6.09037	9.68928	7.33505	10.1636				7.63019	7.17491	7.64329	7.76665			7.71621	17.1954	9.29379	20.8355		
5.24652	6.07632	9.70667	7.33141	10.1833				7.62208	7.18013	7.65175	7.8009			7.68942	17.2646	9.28974	20.8858		
5.27457	6.06331	9.72379	7.32774	10.2027				7.61379	7.18639	7.66006	7.8351			7.66287	17.3337	9.2856	20.9354		
5.30263	6.05134	9.74066	7.32402	10.2219				7.60533	7.19367	7.66821	7.86927			7.63654	17.4026	9.28136	20.9843		
5.33069	6.04036	9.7573	7.32027	10.2408				7.59672	7.20194	7.67622	7.90339			7.61045	17.4714	9.27704	21.0327		
5.35874	6.03038	9.7737	7.31648	10.2594				7.58797	7.21117	7.68406	7.93746			7.58461	17.5401	9.27262	21.0804		
5.3868	6.02137	9.78988	7.31265	10.2777				7.5791	7.22133	7.69176	7.97148			7.55902	17.6087	9.26811	21.1274		
5.41486	6.01331	9.80584	7.30879	10.2958				7.57011	7.23239	7.6993	8.00544			7.53368	17.6772	9.26352	21.1738		
5.44291	6.00617	9.82161	7.30489	10.3135				7.56104	7.24434	7.70669	8.03935			7.50862	17.7456	9.25884	21.2196		
5.47097	5.99995	9.83717	7.30095	10.3311				7.55188	7.25713	7.71392	8.0732			7.48383	17.8138	9.25408	21.2648		
5.49902	5.99462	9.85256	7.29698	10.3483				7.54266	7.27075	7.72101	8.10699			7.45932	17.882	9.24923	21.3093		
5.52708	5.99017	9.86776	7.29298	10.3653				7.53339	7.28516	7.72794	8.14071			7.43509	17.9501	9.2443	21.3532		
5.55514	5.98657	9.8828	7.28894	10.382				7.52407	7.30033	7.73472	8.17437			7.41117	18.0182	9.23929	21.3964		
5.58319	5.9838	9.89768	7.28486	10.3984				7.51474	7.31625	7.74135	8.20795			7.38754	18.0861	9.2342	21.439		
5.61125	5.98185	9.91242	7.28075	10.4146				7.5054	7.33288	7.74783	8.24146			7.36422	18.154	9.22903	21.481		
5.63931	5.98069	9.92701	7.27662	10.4305				7.49606	7.35018	7.75416	8.27489			7.34122	18.2218	9.22379	21.5224		
5.66736	5.98031	9.94147	7.27244	10.4462				7.48674	7.36815	7.76034	8.30824			7.31855	18.2896	9.21846	21.5632		
5.69542	5.98069	9.95582	7.26824	10.4616				7.47745	7.38674	7.76637	8.34151			7.29621	18.3573	9.21306	21.6033		
5.72348	5.98181	9.97005	7.26401	10.4767				7.46821	7.40594	7.77225	8.37469			7.2742	18.4249	9.20759	21.6428		
5.75153	5.98364	9.98418	7.25974	10.4916				7.45904	7.4257	7.77798	8.40779			7.25254	18.4925	9.20204	21.6817		
5.77959	5.98618	9.99822	7.25545	10.5062				7.44994	7.44601	7.78356	8.44079			7.23123	18.5601	9.19642	21.72		
5.80764	5.9894	10.0122	7.25112	10.5206				7.44093	7.46684	7.78899	8.4737			7.21028	18.6276	9.19073	21.7577		
5.8357	5.99328	10.0261	7.24677	10.5347				7.43203	7.48815	7.79428	8.50652			7.1897	18.6951	9.18497	21.7947		
5.86376	5.9978	10.0399	7.24239	10.5486				7.42325	7.50993	7.79942	8.53923			7.16949	18.7626	9.17914	21.8311		
5.89181	6.00294	10.0536	7.23798	10.5622				7.4146	7.53214	7.80441	8.57185			7.14966	18.83	9.17324	21.867		
5.91987	6.00869	10.0673	7.23354	10.5756				7.4061	7.55475	7.80926	8.60436			7.13022	18.8975	9.16727	21.9022		
5.94793	6.01502	10.081	7.22907	10.5887				7.39776	7.57775	7.81397	8.63676			7.11118	18.9649	9.16124	21.9368		
5.97598	6.02192	10.0947	7.22458	10.6016				7.3896	7.60109	7.81852	8.66905			7.09254	19.0324	9.15514	21.9709		
6.00404	6.02936	10.1083	7.22006	10.6142				7.38163	7.62476	7.82294	8.70124			7.07431	19.0998	9.14898	22.0043		
6.03209	6.03733	10.1219	7.21551	10.6266				7.37387	7.64872	7.82721	8.7333			7.05649	19.1672	9.14275	22.0371		
6.06015	6.04581	10.1355	7.21094	10.6388				7.36632	7.67295	7.83134	8.76526			7.0391	19.2347	9.13646	22.0694		
6.08821	6.05478	10.1491	7.20635	10.6507				7.35901	7.69741	7.83532	8.79709			7.02215	19.3022	9.13011	22.101		
6.11626	6.06421	10.1628	7.20173	10.6623				7.35194	7.72209	7.83917	8.8288			7.00562	19.3697	9.1237	22.1321		
6.14432	6.0741	10.1765	7.19708	10.6738				7.34514	7.74696	7.84287	8.86038			6.98955	19.4372	9.11723	22.1625		
6.17237	6.08441	10.1902	7.19241	10.685				7.33862	7.77197	7.84643	8.89184			6.97393	19.5048	9.1107	22.1924		
6.20043	6.09514	10.2039	7.18772	10.6959				7.33239	7.79712	7.84986	8.92317			6.95876	19.5724	9.10412	22.2217		
6.22849	6.10626	10.2177	7.183	10.7067				7.32646	7.82237	7.85314	8.95437			6.94407	19.64	9.09747	22.2505		
6.25654	6.11776	10.2316	7.17826	10.7172				7.32085	7.84769	7.85628	8.98543			6.92985	19.7077	9.09078	22.2786		
6.2846	6.1296	10.2456	7.1735	10.7275				7.31558	7.87306	7.85929	9.01636			6.91611	19.7755	9.08402	22.3062		
6.31266	6.14179	10.2596	7.16872	10.7375				7.31065	7.89844	7.86216	9.04715			6.90285	19.8433	9.07721	22.3332		
6.34071	6.15428	10.2737	7.16392	10.7473				7.30609	7.92381	7.8649	9.0778			6.8901	19.9111	9.07035	22.3596		
6.36877	6.16708	10.2879	7.15909	10.7569				7.3019	7.94914	7.86749	9.10831			6.87784	19.9791	9.06344	22.3855		
6.39682	6.18015	10.3023	7.15424	10.7663				7.2981	7.97441	7.86996	9.13867			6.8661	20.0471	9.05647	22.4108		
6.42488	6.19348	10.3167	7.14938	10.7754				7.29471	7.99959	7.87229	9.16889			6.85487	20.1152	9.04945	22.4355		
6.45294	6.20704	10.3313	7.14449	10.7844				7.29174	8.02464	7.87448	9.19895			6.84417	20.1834	9.04239	22.4597		
6.48099	6.22083	10.346	7.13958	10.7931				7.28921	8.04954	7.87654	9.22887			6.834	20.2516	9.03527	22.4833		
6.50905	6.23481	10.3609	7.13465	10.8016				7.28712	8.07427	7.87847	9.25863			6.82436	20.32	9.02811	22.5064		
6.53711	6.24898	10.3759	7.12971	10.8098				7.28549	8.09879	7.88027	9.28823			6.81528	20.3885	9.02089	22.5289		
6.56516	6.26331	10.3911	7.12474	10.8179				7.28434	8.12308	7.88194	9.31768			6.80674	20.457	9.01364	22.5509		
6.59322	6.27778	10.4065	7.11976	10.8257				7.28368	8.14711	7.88348	9.34697			6.79877	20.5257	9.00633	22.5723		
6.62127	6.29237	10.422	7.11476	10.8334				7.28353	8.17085	7.88489	9.3761			6.79136	20.5945	8.99898	22.5932		
6.64933	6.30707	10.4378	7.10974	10.8408				7.2839	8.19428	7.88617	9.40507			6.78453	20.6635	8.99159	22.6135		
6.67739	6.32185	10.4537	7.1047	10.848				7.2848	8.21736	7.88733	9.43387			6.77828	20.7325	8.98415	22.6333		
6.70544	6.3367	10.4699	7.09965	10.855				7.28625	8.24007	7.88835	9.4625			6.77261	20.8017	8.97667	22.6526		
6.7335	6.35159	10.4863	7.09458	10.8618				7.28826	8.26238	7.88926	9.49096			6.76755	20.871	8.96914	22.6714		
6.76156	6.36651	10.5029	7.08949	10.8684				7.29085	8.28427	7.89003	9.51926			6.76308	20.9405	8.96158	22.6896		
6.78961	6.38144	10.5197	7.08439	10.8748				7.29403	8.3057	7.89068	9.54738			6.75923	21.0101	8.95397	22.7073		
6.81767	6.39636	10.5368	7.07927	10.881				7.29781	8.32665	7.89121	9.57533			6.75599	21.0799	8.94633	22.7244		
6.84573	6.41125	10.5542	7.07414	10.887				7.30222	8.34709	7.89162	9.6031			6.75338	21.1498	8.93864	22.7411		
6.87378	6.42608	10.5718	7.06899	10.8928				7.30726	8.36699	7.8919	9.63069			6.7514	21.2199	8.93092	22.7572		
6.90184	6.44085	10.5897	7.06382	10.8984				7.31294	8.38633	7.89206	9.6581			6.75006	21.2901	8.92316	22.7728		
6.92989	6.45553	10.6079	7.05865	10.9038				7.31929	8.40507	7.89211	9.68534			6.74936	21.3605	8.91536	22.788		
6.95795	6.4701	10.6264	7.05345	10.909				7.32632	8.42319	7.89203	9.71239			6.74932	21.4311	8.90752	22.8026		
6.98601	6.48454	10.6452	7.04824	10.914				7.33404	8.44066	7.89183	9.73926			6.74993	21.5019	8.89965	22.8167		
7.01406	6.49884	10.6643	7.04302	10.9188				7.34246	8.45746	7.89152	9.76594			6.75122	21.5729	8.89174	22.8303		
7.04212	6.51298	10.6837	7.03779	10.9234				7.35159	8.47357	7.89109	9.79243			6.75318	21.6441	8.8838	22.8434		
7.07017	6.52697	10.7034	7.03254	10.9279				7.36141	8.489	7.89055	9.81874			6.75581	21.7154	8.87583	22.856		
7.09823	6.5408	10.7235	7.02728	10.9321				7.37191	8.50376	7.88988	9.84486			6.7591	21.787	8.86782	22.8681		
7.12629	6.55447	10.7438	7.02201	10.9362				7.38307	8.51785	7.88911	9.87078			6.76303	21.8587	8.85978	22.8797		
7.15434	6.56798	10.7643	7.01672	10.94				7.39489	8.53128	7.88822	9.89652			6.76761	21.9305	8.85171	22.8909		
7.1824	6.58133	10.7852	7.01142	10.9437				7.40735	8.54405	7.88722	9.92205			6.7728	22.0024	8.8436	22.9015		
7.21046	6.59452	10.8063	7.00611	10.9472				7.42043	8.55618	7.8861	9.9474			6.77861	22.0744	8.83547	22.9117		
7.23851	6.60755	10.8276	7.00079	10.9506				7.43413	8.56767	7.88488	9.97254			6.78502	22.1465	8.8273	22.9214		
7.26657	6.62042	10.8492	6.99546	10.9537				7.44842	8.57852	7.88354	9.99749			6.79202	22.2187	8.81911	22.9306		
7.29462	6.63313	10.871	6.99011	10.9567				7.4633	8.58875	7.8821	10.0222			6.79959	22.2909	8.81088	22.9394		
7.32268	6.64567	10.893	6.98476	10.9595				7.47876	8.59835	7.88054	10.0468			6.80772	22.3631	8.80263	22.9477		
7.35074	6.65805	10.9153	6.97939	10.9621				7.49477	8.60735	7.87888	10.0711			6.81641	22.4354	8.79435	22.9555		
7.37879	6.67027	10.9377	6.97402	10.9645				7.51133	8.61573	7.87711	10.0953			6.82563	22.5076	8.78605	22.9629		
7.40685	6.68232	10.9603	6.96863	10.9668				7.52842	8.62351	7.87524	10.1192			6.83538	22.5798	8.77771	22.9698		
7.43491	6.6942	10.9831	6.96323	10.9689				7.54603	8.6307	7.87326	10.143			6.84565	22.6519	8.76935	22.9762		
7.46296	6.70592	11.0061	6.95783	10.9708				7.56415	8.6373	7.87118	10.1665			6.85642	22.724	8.76097	22.9822		
7.49102	6.71747	11.0292	6.95241	10.9726				7.58276	8.64332	7.86899	10.1898			6.86768	22.796	8.75256	22.9878		
7.51907	6.72886	11.0525	6.94699	10.9742				7.60185	8.64877	7.8667	10.2129			6.87942	22.8679	8.74412	22.9929		
7.54713	6.74007	11.0759	6.94156	10.9756				7.6214	8.65364	7.86431	10.2358			6.89162	22.9396	8.73567	22.9976		
7.57519	6.75112	11.0994	6.93612	10.9769				7.64141	8.65796	7.86182	10.2585			6.90428	23.0112	8.72719	23.0018		
7.60324	6.76199	11.1231	6.93066	10.978				7.66186	8.66172	7.85923	10.281			6.91739	23.0827	8.71868	23.0056		
7.6313	6.7727	11.1469	6.92521	10.9789				7.68273	8.66494	7.85654	10.3033			6.93092	23.154	8.71016	23.009		
7.65936	6.78323	11.1707	6.91974	10.9797				7.70401	8.66761	7.85375	10.3253			6.94487	23.2251	8.70161	23.0119		
7.68741	6.79359	11.1947	6.91427	10.9803				7.7257	8.66975	7.85086	10.3472			6.95923	23.2959	8.69304	23.0144		
7.71547	6.80378	11.2187	6.90878	10.9808				7.74777	8.67136	7.84788	10.3688			6.97398	23.3666	8.68445	23.0165		
7.74353	6.8138	11.2429	6.90329	10.9811				7.77021	8.67245	7.8448	10.3902			6.98911	23.437	8.67584	23.0181		
7.77158	6.82364	11.267	6.8978	10.9812				7.79302	8.67302	7.84162	10.4114			7.00462	23.5071	8.66722	23.0194		
7.79964	6.83331	11.2913	6.89229	10.9812				7.81616	8.67308	7.83836	10.4324			7.02048	23.5769	8.65857	23.0202		
7.82769	6.8428	11.3156	6.88678	10.981				7.83965	8.67265	7.835	10.4532			7.03668	23.6465	8.6499	23.0206		
7.85575	6.85211	11.3399	6.88127	10.9807				7.86345	8.67172	7.83154	10.4738			7.05322	23.7157	8.64122	23.0206		
7.88381	6.86125	11.3642	6.87574	10.9802				7.88755	8.6703	7.828	10.4941			7.07009	23.7846	8.63251	23.0202		
7.91186	6.87021	11.3886	6.87022	10.9796				7.91195	8.6684	7.82436	10.5142			7.08726	23.8531	8.6238	23.0194		
7.93992	6.879	11.4129	6.86468	10.9789				7.93663	8.66602	7.82064	10.5341			7.10473	23.9212	8.61506	23.0182		
7.96798	6.8876	11.4373	6.85914	10.9779				7.96158	8.66318	7.81682	10.5538			7.12248	23.9889	8.60631	23.0167		
7.99603	6.89602	11.4616	6.85359	10.9769				7.98677	8.65987	7.81292	10.5732			7.14051	24.0563	8.59754	23.0147		
8.02409	6.90427	11.4859	6.84804	10.9757				8.01221	8.65611	7.80893	10.5924			7.1588	24.1232	8.58876	23.0123		
8.05214	6.91233	11.5102	6.84248	10.9743				8.03787	8.6519	7.80485	10.6115			7.17733	24.1896	8.57996	23.0095		
8.0802	6.92021	11.5344	6.83692	10.9729				8.06375	8.64725	7.80069	10.6302			7.19611	24.2556	8.57115	23.0064		
8.10826	6.92791	11.5586	6.83135	10.9712				8.08982	8.64216	7.79644	10.6488			7.21511	24.321	8.56232	23.0029		
8.13631	6.93542	11.5827	6.82578	10.9695				8.11608	8.63664	7.79211	10.6671			7.23432	24.386	8.55348	22.999		
8.16437	6.94276	11.6067	6.82021	10.9676				8.14252	8.6307	7.7877	10.6853			7.25373	24.4505	8.54463	22.9947		
8.19243	6.9499	11.6307	6.81463	10.9655				8.16911	8.62435	7.7832	10.7032			7.27334	24.5144	8.53576	22.9901		
8.22048	6.95686	11.6545	6.80904	10.9633				8.19585	8.61759	7.77862	10.7208			7.29311	24.5777	8.52688	22.9851		
8.24854	6.96364	11.6783	6.80345	10.961				8.22272	8.61042	7.77396	10.7383			7.31306	24.6405	8.51799	22.9797		
8.27659	6.97023	11.7019	6.79786	10.9586				8.24971	8.60286	7.76923	10.7555			7.33315	24.7027	8.50909	22.974		
8.30465	6.97663	11.7255	6.79227	10.956				8.27681	8.59491	7.76441	10.7725			7.35339	24.7642	8.50018	22.9679		
8.33271	6.98285	11.7489	6.78667	10.9533				8.304	8.58658	7.75951	10.7893			7.37375	24.8252	8.49126	22.9614		
8.36076	6.98887	11.7721	6.78107	10.9505				8.33127	8.57787	7.75454	10.8058			7.39423	24.8854	8.48232	22.9546		
8.38882	6.99471	11.7952	6.77546	10.9475				8.35861	8.56879	7.74949	10.8221			7.41482	24.945	8.47338	22.9475		
8.41687	7.00035	11.8182	6.76985	10.9444				8.386	8.55936	7.74436	10.8382			7.43549	25.004	8.46443	22.94		
8.44493	7.00581	11.8409	6.76424	10.9412				8.41342	8.54956	7.73916	10.8541			7.45625	25.0622	8.45547	22.9322		
8.47299	7.01107	11.8635	6.75863	10.9378				8.44088	8.53942	7.73388	10.8697			7.47707	25.1197	8.4465	22.924		
8.50104	7.01615	11.8859	6.75301	10.9344				8.46834	8.52893	7.72853	10.8851			7.49795	25.1764	8.43752	22.9155		
8.5291	7.02103	11.9081	6.74739	10.9308				8.49581	8.51811	7.72311	10.9003			7.51888	25.2324	8.42854	22.9067		
8.55716	7.02571	11.9301	6.74177	10.927				8.52326	8.50695	7.71762	10.9153			7.53983	25.2876	8.41954	22.8975		
8.58521	7.0302	11.9519	6.73615	10.9232				8.55069	8.49548	7.71205	10.93			7.5608	25.342	8.41054	22.888		
8.61327	7.0345	11.9734	6.73053	10.9193				8.57807	8.48369	7.70642	10.9445			7.58179	25.3956	8.40154	22.8781		
8.64133	7.0386	11.9948	6.7249	10.9152				8.6054	8.47159	7.70071	10.9588			7.60276	25.4483	8.39252	22.868		
8.66938	7.04251	12.0158	6.71927	10.911				8.63266	8.45918	7.69494	10.9729			7.62372	25.5002	8.3835	22.8575		
8.69744	7.04621	12.0366	6.71365	10.9067				8.65985	8.44648	7.68909	10.9867			7.64466	25.5513	8.37448	22.8467		
8.72549	7.04972	12.0572	6.70802	10.9023				8.68694	8.43349	7.68318	11.0003			7.66555	25.6014	8.36545	22.8356		
8.75355	7.05304	12.0774	6.70239	10.8977				8.71392	8.42022	7.67721	11.0137			7.68638	25.6507	8.35641	22.8242		
8.78161	7.05615	12.0974	6.69675	10.8931				8.74078	8.40667	7.67117	11.0268			7.70716	25.699	8.34737	22.8125		
8.80966	7.05906	12.1171	6.69112	10.8883				8.76751	8.39285	7.66506	11.0397			7.72785	25.7463	8.33833	22.8005		
8.83772	7.06178	12.1365	6.68549	10.8834				8.79409	8.37877	7.65889	11.0524			7.74846	25.7928	8.32928	22.7882		
8.86578	7.06429	12.1555	6.67985	10.8785				8.8205	8.36443	7.65265	11.0649			7.76896	25.8382	8.32023	22.7756		
8.89383	7.0666	12.1743	6.67422	10.8734				8.84675	8.34984	7.64636	11.0772			7.78935	25.8826	8.31117	22.7627		
8.92189	7.0687	12.1927	6.66859	10.8682				8.87281	8.33501	7.64	11.0892			7.80962	25.926	8.30212	22.7495		
8.94994	7.07061	12.2107	6.66295	10.8629				8.89867	8.31994	7.63357	11.101			7.82975	25.9684	8.29306	22.736		
8.978	7.07231	12.2284	6.65732	10.8575				8.92431	8.30464	7.62709	11.1126			7.84972	26.0097	8.28399	22.7222		
9.00606	7.07381	12.2458	6.65168	10.8519				8.94973	8.28912	7.62055	11.1239			7.86954	26.05	8.27493	22.7081		
9.03411	7.0751	12.2628	6.64605	10.8463				8.9749	8.27338	7.61395	11.135			7.88918	26.0891	8.26586	22.6938		
9.06217	7.07618	12.2793	6.64042	10.8406				8.99983	8.25743	7.60729	11.1459			7.90864	26.1272	8.25679	22.6791		
9.09023	7.07706	12.2955	6.63478	10.8348				9.02448	8.24128	7.60057	11.1566			7.9279	26.1641	8.24773	22.6642		
9.11828	7.07773	12.3113	6.62915	10.8289				9.04886	8.22493	7.5938	11.1671			7.94695	26.1999	8.23866	22.6491		
9.14634	7.07819	12.3267	6.62352	10.8229				9.07294	8.20839	7.58697	11.1773			7.96577	26.2345	8.22959	22.6336		
9.17439	7.07845	12.3417	6.61789	10.8167				9.09671	8.19166	7.58008	11.1873			7.98436	26.268	8.22052	22.6179		
9.20245	7.07849	12.3562	6.61226	10.8105				9.12016	8.17476	7.57314	11.1971			8.00271	26.3002	8.21145	22.6019		
9.23051	7.07832	12.3703	6.60663	10.8042				9.14328	8.15769	7.56615	11.2067			8.0208	26.3313	8.20238	22.5857		
9.25856	7.07795	12.3839	6.60101	10.7978				9.16605	8.14046	7.5591	11.216			8.03861	26.361	8.19331	22.5692		
9.28662	7.07736	12.3971	6.59538	10.7913				9.18847	8.12306	7.552	11.2251			8.05615	26.3896	8.18424	22.5524		
9.31467	7.07656	12.4098	6.58976	10.7847				9.2105	8.10552	7.54484	11.234			8.07339	26.4169	8.17517	22.5354		
9.34273	7.07555	12.422	6.58413	10.778				9.23216	8.08783	7.53764	11.2427			8.09032	26.4428	8.16611	22.5182		
9.37079	7.07432	12.4337	6.57851	10.7713				9.25341	8.07001	7.53038	11.2512			8.10693	26.4675	8.15705	22.5007		
9.39884	7.07288	12.445	6.57289	10.7644				9.27424	8.05205	7.52307	11.2594			8.12322	26.4908	8.14798	22.4829		
9.4269	7.07122	12.4557	6.56728	10.7574				9.29465	8.03398	7.51572	11.2674			8.13916	26.5128	8.13893	22.4649		
9.45496	7.06935	12.4659	6.56166	10.7504				9.31462	8.01578	7.50832	11.2752			8.15474	26.5335	8.12987	22.4467		
9.48301	7.06726	12.4756	6.55605	10.7433				9.33414	7.99747	7.50086	11.2828			8.16996	26.5527	8.12082	22.4282		
9.51107	7.06496	12.4847	6.55044	10.736				9.35318	7.97906	7.49336	11.2902			8.1848	26.5706	8.11177	22.4095		
9.53913	7.06244	12.4933	6.54483	10.7287				9.37175	7.96055	7.48582	11.2974			8.19924	26.587	8.10272	22.3906		
9.56718	7.05969	12.5014	6.53923	10.7214				9.38982	7.94195	7.47822	11.3043			8.21329	26.602	8.09368	22.3714		
9.59524	7.05673	12.5089	6.53363	10.7139				9.40739	7.92327	7.47058	11.311			8.22691	26.6155	8.08464	22.352		
9.62329	7.05355	12.5158	6.52803	10.7063				9.42444	7.9045	7.4629	11.3175			8.24011	26.6276	8.0756	22.3324		
9.65135	7.05015	12.5221	6.52243	10.6987				9.44095	7.88567	7.45517	11.3238			8.25287	26.6382	8.06657	22.3126		
9.67941	7.04653	12.5278	6.51684	10.691				9.45692	7.86677	7.4474	11.3299			8.26518	26.6473	8.05755	22.2925		
9.70746	7.04269	12.5329	6.51124	10.6832				9.47232	7.84781	7.43959	11.3358			8.27703	26.6548	8.04853	22.2723		
9.73552	7.03862	12.5374	6.50566	10.6753				9.48715	7.82881	7.43173	11.3415			8.2884	26.6608	8.03951	22.2518		
9.76357	7.03433	12.5413	6.50007	10.6674				9.5014	7.80976	7.42383	11.3469			8.29928	26.6652	8.0305	22.2311		
9.79163	7.02982	12.5445	6.49449	10.6593				9.51504	7.79067	7.41589	11.3521			8.30966	26.6681	8.0215	22.2102		
9.81969	7.02508	12.5471	6.48891	10.6512				9.52807	7.77154	7.40791	11.3572			8.31953	26.6693	8.0125	22.1891		
9.84774	7.02012	12.549	6.48334	10.6431				9.54047	7.7524	7.39989	11.362			8.32887	26.669	8.0035	22.1677		
9.8758	7.01493	12.5503	6.47777	10.6348				9.55223	7.73323	7.39184	11.3666			8.33768	26.667	7.99452	22.1462		
9.90386	7.00951	12.5509	6.4722	10.6265				9.56334	7.71406	7.38374	11.371			8.34594	26.6633	7.98554	22.1245		
9.93191	7.00387	12.5508	6.46664	10.6181				9.57378	7.69488	7.3756	11.3752			8.35363	26.658	7.97656	22.1026		
9.95997	6.998	12.55	6.46108	10.6096				9.58354	7.6757	7.36743	11.3792			8.36076	26.651	7.9676	22.0805		
9.98803	6.9919	12.5486	6.45552	10.6011				9.59261	7.65653	7.35922	11.383			8.3673	26.6422	7.95864	22.0582		
10.0161	6.98557	12.5464	6.44997	10.5924				9.60097	7.63737	7.35097	11.3866			8.37325	26.6318	7.94969	22.0357		
10.0441	6.97901	12.5435	6.44443	10.5838				9.60862	7.61823	7.34269	11.3899			8.37858	26.6196	7.94074	22.013		
10.0722	6.97222	12.5399	6.43888	10.575				9.61557	7.59911	7.33437	11.3931			8.38331	26.6056	7.93181	21.9902		
10.1003	6.96521	12.5356	6.43335	10.5662				9.62182	7.58001	7.32602	11.3961			8.38742	26.5899	7.92288	21.9671		
10.1283	6.95797	12.5305	6.42781	10.5573				9.62737	7.56092	7.31763	11.3989			8.39094	26.5725	7.91396	21.9439		
10.1564	6.95051	12.5248	6.42228	10.5484				9.63223	7.54186	7.30921	11.4014			8.39385	26.5534	7.90505	21.9205		
10.1844	6.94283	12.5185	6.41676	10.5393				9.63641	7.5228	7.30076	11.4038			8.39618	26.5326	7.89615	21.8969		
10.2125	6.93494	12.5114	6.41124	10.5303				9.6399	7.50377	7.29228	11.406			8.39791	26.51	7.88725	21.8732		
10.2405	6.92682	12.5036	6.40572	10.5211				9.64272	7.48475	7.28376	11.4079			8.39905	26.4859	7.87837	21.8493		
10.2686	6.91849	12.4952	6.40021	10.5119				9.64488	7.46575	7.27521	11.4097			8.39962	26.46	7.86949	21.8252		
10.2966	6.90994	12.4861	6.39471	10.5026				9.64636	7.44677	7.26663	11.4113			8.3996	26.4325	7.86063	21.8009		
10.3247	6.90118	12.4764	6.38921	10.4933				9.64719	7.4278	7.25802	11.4127			8.39902	26.4034	7.85177	21.7765		
10.3528	6.89221	12.4659	6.38371	10.4839				9.64736	7.40885	7.24939	11.4139			8.39786	26.3727	7.84292	21.752		
10.3808	6.88303	12.4549	6.37822	10.4745				9.64688	7.38991	7.24072	11.4149			8.39614	26.3403	7.83409	21.7272		
10.4089	6.87364	12.4432	6.37274	10.465				9.64576	7.37099	7.23202	11.4157			8.39386	26.3063	7.82526	21.7023		
10.4369	6.86405	12.4308	6.36726	10.4554				9.644	7.35209	7.2233	11.4163			8.39103	26.2708	7.81645	21.6773		
10.465	6.85425	12.4178	6.36178	10.4458				9.6416	7.3332	7.21455	11.4167			8.38764	26.2337	7.80764	21.6521		
10.493	6.84425	12.4042	6.35631	10.4361				9.63857	7.31433	7.20577	11.4169			8.38371	26.195	7.79885	21.6268		
10.5211	6.83405	12.3899	6.35085	10.4263				9.63492	7.29547	7.19696	11.417			8.37924	26.1548	7.79006	21.6013		
10.5491	6.82364	12.3751	6.34539	10.4165				9.63065	7.27663	7.18813	11.4168			8.37422	26.113	7.78129	21.5756		
10.5772	6.81304	12.3596	6.33994	10.4067				9.62576	7.25781	7.17927	11.4165			8.36868	26.0697	7.77253	21.5498		
10.6053	6.80224	12.3435	6.33449	10.3968				9.62026	7.239	7.17039	11.416			8.3626	26.0249	7.76378	21.5239		
10.6333	6.79125	12.3267	6.32905	10.3868				9.61416	7.2202	7.16149	11.4153			8.35599	25.9786	7.75504	21.4979		
10.6614	6.78006	12.3094	6.32362	10.3768				9.60746	7.20142	7.15256	11.4144			8.34887	25.9308	7.74631	21.4717		
10.6894	6.76868	12.2915	6.31819	10.3668				9.60016	7.18266	7.1436	11.4133			8.34123	25.8815	7.7376	21.4453		
10.7175	6.75711	12.273	6.31277	10.3567				9.59227	7.16391	7.13463	11.412			8.33308	25.8307	7.7289	21.4189		
10.7455	6.74536	12.2539	6.30735	10.3465				9.5838	7.14517	7.12563	11.4106			8.32441	25.7785	7.7202	21.3923		
10.7736	6.73341	12.2342	6.30194	10.3363				9.57475	7.12645	7.11661	11.409			8.31525	25.7249	7.71153	21.3655		
10.8017	6.72128	12.214	6.29654	10.3261				9.56512	7.10774	7.10756	11.4072			8.30558	25.6698	7.70286	21.3387		
10.8297	6.70897	12.1932	6.29114	10.3158				9.55493	7.08905	7.0985	11.4052			8.29542	25.6134	7.69421	21.3117		
10.8578	6.69647	12.1718	6.28575	10.3054				9.54416	7.07037	7.08942	11.4031			8.28477	25.5555	7.68557	21.2846		
10.8858	6.6838	12.1498	6.28036	10.295				9.53284	7.05171	7.08031	11.4007			8.27363	25.4962	7.67694	21.2574		
10.9139	6.67094	12.1273	6.27499	10.2846				9.52097	7.03306	7.07119	11.3982			8.26201	25.4356	7.66833	21.23		
10.9419	6.65791	12.1042	6.26961	10.2741				9.50854	7.01442	7.06204	11.3956			8.24991	25.3736	7.65973	21.2026		
10.97	6.6447	12.0806	6.26425	10.2636				9.49557	6.9958	7.05288	11.3927			8.23734	25.3102	7.65114	21.175		
10.998	6.63132	12.0564	6.25889	10.253				9.48206	6.97719	7.0437	11.3897			8.2243	25.2455	7.64257	21.1473		
11.0261	6.61777	12.0318	6.25354	10.2424				9.46801	6.95859	7.0345	11.3865			8.21079	25.1795	7.63401	21.1195		
11.0542	6.60404	12.0065	6.24819	10.2317				9.45343	6.94001	7.02529	11.3831			8.19682	25.1121	7.62546	21.0916		
11.0822	6.59015	11.9808	6.24286	10.221				9.43833	6.92144	7.01605	11.3796			8.1824	25.0434	7.61693	21.0636		
11.1103	6.57608	11.9545	6.23752	10.2103				9.42271	6.90288	7.0068	11.3759			8.16752	24.9735	7.60842	21.0355		
11.1383	6.56186	11.9277	6.2322	10.1995				9.40657	6.88434	6.99754	11.372			8.1522	24.9023	7.59991	21.0073		
11.1664	6.54746	11.9004	6.22688	10.1887				9.38993	6.8658	6.98826	11.368			8.13643	24.8298	7.59143	20.979		
11.1944	6.53291	11.8726	6.22157	10.1778				9.37278	6.84729	6.97896	11.3638			8.12022	24.756	7.58295	20.9505		
11.2225	6.51819	11.8443	6.21627	10.1669				9.35513	6.82878	6.96965	11.3594			8.10358	24.681	7.57449	20.922		
11.2506	6.50331	11.8155	6.21097	10.156				9.33698	6.81029	6.96032	11.3549			8.0865	24.6048	7.56605	20.8934		
11.2786	6.48828	11.7862	6.20569	10.145				9.31834	6.7918	6.95098	11.3502			8.069	24.5274	7.55762	20.8647		
11.3067	6.47309	11.7564	6.2004	10.134				9.29922	6.77333	6.94163	11.3453			8.05108	24.4487	7.54921	20.8359		
11.3347	6.45774	11.7261	6.19513	10.1229				9.27962	6.75488	6.93227	11.3403			8.03274	24.3689	7.54081	20.807		
11.3628	6.44224	11.6953	6.18986	10.1118				9.25955	6.73643	6.92289	11.3351			8.01399	24.2879	7.53242	20.778		
11.3908	6.42659	11.6641	6.18461	10.1007				9.239	6.718	6.91349	11.3298			7.99483	24.2057	7.52406	20.749		
11.4189	6.41079	11.6324	6.17935	10.0896				9.21799	6.69957	6.90409	11.3243			7.97526	24.1223	7.51571	20.7198		
11.447	6.39485	11.6003	6.17411	10.0784				9.19652	6.68116	6.89468	11.3187			7.95529	24.0378	7.50737	20.6906		
11.475	6.37875	11.5677	6.16887	10.0672				9.17459	6.66276	6.88525	11.3129			7.93493	23.9522	7.49905	20.6613		
11.5031	6.36251	11.5346	6.16365	10.0559				9.15222	6.64437	6.87581	11.3069			7.91417	23.8655	7.49074	20.6319		
11.5311	6.34613	11.5011	6.15843	10.0446				9.1294	6.626	6.86637	11.3008			7.89303	23.7776	7.48246	20.6024		
11.5592	6.3296	11.4672	6.15321	10.0333				9.10614	6.60763	6.85691	11.2946			7.8715	23.6887	7.47418	20.5728		
11.5872	6.31294	11.4328	6.14801	10.022				9.08244	6.58927	6.84744	11.2882			7.84959	23.5986	7.46593	20.5432		
11.6153	6.29613	11.3979	6.14281	10.0106				9.05832	6.57093	6.83796	11.2816			7.82731	23.5075	7.45769	20.5135		
11.6433	6.27919	11.3627	6.13762	9.9992				9.03377	6.55259	6.82848	11.2749			7.80466	23.4154	7.44947	20.4838		
11.6714	6.26211	11.327	6.13244	9.98777				9.0088	6.53427	6.81898	11.2681			7.78164	23.3222	7.44126	20.4539		
11.6995	6.2449	11.291	6.12727	9.97631				8.98341	6.51596	6.80948	11.2611			7.75826	23.2279	7.43307	20.424		
11.7275	6.22756	11.2545	6.1221	9.96482				8.95762	6.49765	6.79997	11.254			7.73453	23.1327	7.4249	20.3941		
11.7556	6.21009	11.2176	6.11694	9.95331				8.93142	6.47936	6.79046	11.2467			7.71044	23.0364	7.41675	20.364		
11.7836	6.19249	11.1803	6.1118	9.94176				8.90482	6.46108	6.78093	11.2393			7.686	22.9391	7.40861	20.3339		
11.8117	6.17476	11.1426	6.10665	9.9302				8.87782	6.4428	6.7714	11.2317			7.66122	22.8409	7.40049	20.3038		
11.8397	6.1569	11.1045	6.10152	9.9186				8.85044	6.42454	6.76186	11.224			7.63609	22.7417	7.39238	20.2735		
11.8678	6.13892	11.066	6.0964	9.90698				8.82267	6.40629	6.75232	11.2161			7.61063	22.6415	7.3843	20.2433		
11.8959	6.12082	11.0271	6.09128	9.89534				8.79452	6.38804	6.74277	11.2082			7.58484	22.5404	7.37623	20.2129		
11.9239	6.1026	10.9879	6.08617	9.88367				8.76599	6.36981	6.73322	11.2			7.55872	22.4383	7.36818	20.1825		
11.952	6.08426	10.9483	6.08108	9.87198				8.7371	6.35158	6.72366	11.1918			7.53228	22.3353	7.36015	20.1521		
11.98	6.0658	10.9083	6.07599	9.86026				8.70784	6.33337	6.71409	11.1834			7.50552	22.2314	7.35213	20.1216		
12.0081	6.04722	10.868	6.0709	9.84853				8.67822	6.31516	6.70452	11.1749			7.47845	22.1266	7.34413	20.091		
12.0361	6.02853	10.8273	6.06583	9.83677				8.64824	6.29696	6.69495	11.1662			7.45106	22.021	7.33616	20.0605		
12.0642	6.00973	10.7862	6.06076	9.82499				8.61792	6.27877	6.68538	11.1574			7.42337	21.9144	7.3282	20.0298		
12.0922	5.99081	10.7448	6.05571	9.81319				8.58725	6.26059	6.6758	11.1485			7.39538	21.807	7.32025	19.9991		
12.1203	5.97179	10.7031	6.05066	9.80137				8.55624	6.24241	6.66622	11.1395			7.36709	21.6987	7.31233	19.9684		
12.1484	5.95266	10.661	6.04562	9.78952				8.52489	6.22425	6.65663	11.1303			7.33851	21.5896	7.30442	19.9376		
12.1764	5.93342	10.6186	6.04059	9.77766				8.49322	6.20609	6.64704	11.121			7.30964	21.4797	7.29653	19.9068		
12.2045	5.91408	10.5759	6.03557	9.76578				8.46122	6.18794	6.63745	11.1115			7.28048	21.369	7.28867	19.8759		
12.2325	5.89463	10.5329	6.03056	9.75388				8.4289	6.1698	6.62786	11.102			7.25105	21.2574	7.28082	19.845		
12.2606	5.87508	10.4895	6.02555	9.74197				8.39627	6.15167	6.61827	11.0923			7.22134	21.1451	7.27298	19.8141		
12.2886	5.85544	10.4458	6.02056	9.73003				8.36332	6.13355	6.60868	11.0825			7.19135	21.032	7.26517	19.7831		
12.3167	5.83569	10.4018	6.01557	9.71808				8.33007	6.11543	6.59908	11.0726			7.16111	20.9182	7.25738	19.7521		
12.3447	5.81585	10.3576	6.01059	9.70611				8.29652	6.09732	6.58949	11.0625			7.13059	20.8035	7.2496	19.7211		
12.3728	5.79591	10.313	6.00563	9.69413				8.26268	6.07922	6.57989	11.0524			7.09982	20.6882	7.24185	19.69		
12.4009	5.77588	10.2681	6.00067	9.68213				8.22854	6.06112	6.5703	11.0421			7.0688	20.5721	7.23411	19.6589		
12.4289	5.75575	10.2229	5.99572	9.67011				8.19413	6.04304	6.5607	11.0317			7.03753	20.4553	7.2264	19.6278		
12.457	5.73554	10.1775	5.99078	9.65808				8.15943	6.02495	6.55111	11.0212			7.00601	20.3378	7.2187	19.5966		
12.485	5.71524	10.1318	5.98584	9.64604				8.12445	6.00688	6.54151	11.0105			6.97425	20.2197	7.21102	19.5654		
12.5131	5.69485	10.0858	5.98092	9.63398				8.08921	5.98881	6.53192	10.9998			6.94225	20.1008	7.20336	19.5342		
12.5411	5.67438	10.0396	5.97601	9.62191				8.0537	5.97075	6.52233	10.9889			6.91002	19.9813	7.19572	19.503		
12.5692	5.65382	9.99304	5.9711	9.60983				8.01793	5.9527	6.51274	10.9779			6.87756	19.8611	7.1881	19.4717		
12.5973	5.63318	9.94627	5.96621	9.59773				7.98191	5.93465	6.50316	10.9668			6.84488	19.7403	7.1805	19.4404		
12.6253	5.61246	9.89925	5.96132	9.58562				7.94563	5.91661	6.49357	10.9556			6.81197	19.6189	7.17292	19.4091		
12.6534	5.59166	9.85198	5.95644	9.5735				7.90911	5.89857	6.48399	10.9443			6.77886	19.4968	7.16536	19.3778		
12.6814	5.57078	9.80448	5.95158	9.56137				7.87235	5.88054	6.47441	10.9329			6.74553	19.3741	7.15782	19.3465		
12.7095	5.54983	9.75673	5.94672	9.54922				7.83536	5.86252	6.46483	10.9214			6.71199	19.2509	7.1503	19.3151		
12.7375	5.5288	9.70876	5.94187	9.53707				7.79814	5.8445	6.45526	10.9098			6.67826	19.1271	7.1428	19.2837		
12.7656	5.5077	9.66056	5.93703	9.52491				7.76069	5.82649	6.44569	10.898			6.64432	19.0027	7.13533	19.2523		
12.7936	5.48653	9.61214	5.9322	9.51273				7.72302	5.80848	6.43613	10.8862			6.61019	18.8777	7.12787	19.2209		
12.8217	5.46529	9.5635	5.92738	9.50055				7.68513	5.79048	6.42657	10.8743			6.57587	18.7522	7.12043	19.1895		
12.8498	5.44398	9.51465	5.92257	9.48836				7.64704	5.77249	6.41701	10.8622			6.54137	18.6262	7.11301	19.1581		
12.8778	5.42261	9.4656	5.91777	9.47616				7.60874	5.7545	6.40746	10.8501			6.50668	18.4997	7.10561	19.1267		
12.9059	5.40117	9.41634	5.91298	9.46395				7.57024	5.73651	6.39791	10.8379			6.47182	18.3727	7.09823	19.0953		
12.9339	5.37967	9.36689	5.9082	9.45174				7.53155	5.71853	6.38837	10.8255			6.43678	18.2451	7.09088	19.0638		
12.962	5.3581	9.31725	5.90343	9.43951				7.49267	5.70055	6.37884	10.8131			6.40158	18.1171	7.08354	19.0324		
12.99	5.33648	9.26742	5.89866	9.42728				7.4536	5.68258	6.36931	10.8005			6.36622	17.9886	7.07622	19.0009		
13.0181	5.3148	9.21741	5.89391	9.41505				7.41435	5.66461	6.35978	10.7879			6.33069	17.8597	7.06893	18.9694		
13.0462	5.29306	9.16723	5.88917	9.4028				7.37493	5.64665	6.35026	10.7752			6.29501	17.7303	7.06165	18.938		
13.0742	5.27127	9.11687	5.88443	9.39056				7.33533	5.62869	6.34075	10.7624			6.25918	17.6005	7.0544	18.9065		
13.1023	5.24943	9.06635	5.87971	9.3783				7.29557	5.61074	6.33125	10.7495			6.2232	17.4703	7.04717	18.8751		
13.1303	5.22753	9.01567	5.875	9.36605				7.25565	5.59279	6.32175	10.7365			6.18708	17.3397	7.03996	18.8436		
13.1584	5.20559	8.96483	5.87029	9.35378				7.21558	5.57484	6.31226	10.7234			6.15083	17.2086	7.03277	18.8121		
13.1864	5.18359	8.91385	5.8656	9.34152				7.17536	5.5569	6.30277	10.7102			6.11444	17.0772	7.0256	18.7807		
13.2145	5.16155	8.86271	5.86091	9.32924				7.13499	5.53896	6.2933	10.6969			6.07792	16.9455	7.01845	18.7492		
13.2425	5.13946	8.81144	5.85624	9.31697				7.09448	5.52102	6.28383	10.6836			6.04127	16.8133	7.01132	18.7178		
13.2706	5.11733	8.76003	5.85157	9.30469				7.05384	5.50309	6.27437	10.6701			6.0045	16.6809	7.00422	18.6863		
13.2987	5.09516	8.70849	5.84692	9.29241				7.01306	5.48516	6.26492	10.6566			5.96762	16.548	6.99713	18.6549		
13.3267	5.07295	8.65683	5.84227	9.28013				6.97216	5.46723	6.25547	10.643			5.93063	16.4149	6.99007	18.6235		
13.3548	5.0507	8.60504	5.83764	9.26784				6.93115	5.44931	6.24604	10.6293			5.89353	16.2815	6.98303	18.592		
13.3828	5.02841	8.55314	5.83302	9.25556				6.89001	5.43139	6.23661	10.6155			5.85632	16.1477	6.97601	18.5606		
13.4109	5.00609	8.50113	5.8284	9.24327				6.84877	5.41347	6.2272	10.6016			5.81902	16.0137	6.96901	18.5292		
13.4389	4.98373	8.44901	5.8238	9.23098				6.80742	5.39556	6.21779	10.5877			5.78162	15.8794	6.96204	18.4979		
13.467	4.96134	8.39679	5.8192	9.21869				6.76597	5.37765	6.20839	10.5737			5.74413	15.7449	6.95508	18.4665		
13.4951	4.93892	8.34448	5.81462	9.20639				6.72443	5.35974	6.199	10.5596			5.70655	15.6101	6.94815	18.4351		
13.5231	4.91647	8.29207	5.81004	9.1941				6.6828	5.34183	6.18962	10.5454			5.6689	15.4751	6.94124	18.4038		
13.5512	4.894	8.23958	5.80548	9.18181				6.64108	5.32392	6.18025	10.5311			5.63116	15.3398	6.93435	18.3724		
13.5792	4.87149	8.18702	5.80092	9.16952				6.59928	5.30602	6.17089	10.5168			5.59336	15.2044	6.92748	18.3411		
13.6073	4.84897	8.13437	5.79638	9.15723				6.55741	5.28812	6.16155	10.5024			5.55548	15.0687	6.92063	18.3098		
13.6353	4.82642	8.08166	5.79184	9.14494				6.51546	5.27022	6.15221	10.4879			5.51754	14.9329	6.91381	18.2786		
13.6634	4.80385	8.02888	5.78732	9.13266				6.47345	5.25232	6.14288	10.4734			5.47954	14.7969	6.90701	18.2473		
13.6915	4.78126	7.97603	5.78281	9.12037				6.43139	5.23442	6.13357	10.4588			5.44148	14.6607	6.90023	18.2161		
13.7195	4.75865	7.92314	5.7783	9.10809				6.38926	5.21653	6.12426	10.4441			5.40337	14.5244	6.89347	18.1849		
13.7476	4.73603	7.87019	5.77381	9.09581				6.34709	5.19863	6.11497	10.4293			5.36521	14.388	6.88674	18.1537		
13.7756	4.71339	7.8172	5.76933	9.08353				6.30487	5.18074	6.10569	10.4145			5.32701	14.2514	6.88002	18.1225		
13.8037	4.69074	7.76417	5.76485	9.07125				6.26261	5.16285	6.09642	10.3996			5.28877	14.1147	6.87333	18.0914		
13.8317	4.66808	7.7111	5.76039	9.05898				6.22032	5.14495	6.08716	10.3846			5.2505	13.9779	6.86666	18.0602		
13.8598	4.64541	7.65801	5.75594	9.04671				6.178	5.12706	6.07792	10.3696			5.2122	13.8411	6.86002	18.0291		
13.8878	4.62273	7.60489	5.7515	9.03445				6.13565	5.10917	6.06869	10.3545			5.17387	13.7041	6.85339	17.9981		
13.9159	4.60004	7.55174	5.74707	9.02219				6.09328	5.09128	6.05947	10.3393			5.13552	13.5671	6.84679	17.967		
13.944	4.57735	7.49859	5.74265	9.00993				6.0509	5.0734	6.05026	10.3241			5.09715	13.4301	6.84021	17.936		
13.972	4.55466	7.44542	5.73824	8.99768				6.0085	5.05551	6.04107	10.3088			5.05877	13.293	6.83365	17.905		
14.0001	4.53196	7.39225	5.73384	8.98543				5.9661	5.03762	6.03188	10.2934			5.02038	13.1558	6.82712	17.8741		