	ChAT neurons 1	ChAT neurons 2	GABA neurons	activated early epidermal progenitors	aqp+ parenchymal cells	cav-1+ neurons	early epidermal progenitors	epidermal neoblasts	epidermis	epidermis DVb	epidermis DVb neoblast	glia	goblet cells	gut progenitors	late epidermal progenitors 1	late epidermal progenitors 2	ldlrr-1+ parenchymal cells	muscle body	muscle pharynx	muscle progenitors	neoblast 1	neoblast 2	neoblast 3	neoblast 4	neoblast 5	neoblast 6	neoblast 7	neoblast 8	neoblast 9	neoblast 10	neoblast 11	neoblast 12	neoblast 13	neural progenitors	npp-18+ neurons	otf+ cells 1	otf+ cells 2	parenchymal progenitors	pgrn+ parenchymal cells	phagocytes	pharynx cell type	pharynx cell type progenitors	pigment	protonephridia	psap+ parenchymal cells	psd+ cells	secretory 1	secretory 2	secretory 3	secretory 4	spp-11+ neurons
31-Clu.31(ARZ)	0.1747859309344271	0.2705584504594767	0.3615652068656553	0.0	0.0	0.3387495556136692	0.0	0.0	0.41307245698376	0.1455714218054631	0.0	0.0	0.0	0.0	0.2864841370914263	0.3247790896613559	0.0	0.1776664268911035	0.1567435794150886	0.0	0.0	0.0	0.0	0.0	0.0	0.0	0.0	0.0	0.0	0.0	0.0	0.0	0.0	0.0	0.0	0.0	0.0	0.0	0.0	0.0	0.2367005200723634	0.0	0.0	0.1302361683512486	0.0	0.0	0.0	0.0	0.0	0.0	0.0
3-Neoblast	0.0	0.0	0.0	0.1482607718935284	0.0	0.0	0.0	0.1093509547354558	0.0	0.0	0.2695299316224583	0.0	0.0	0.3526914256101043	0.0	0.0	0.0	0.0	0.0	0.0	0.6028945915921152	0.0	0.2274450828135855	0.1464860185542547	0.2844933461551302	0.3538085070519357	0.1577539573298438	0.0	0.275276533543602	0.406160443297784	0.2371064514777923	0.2526595054902915	0.244978001911671	0.0	0.0	0.0	0.0	0.2492296676732328	0.1121599329452883	0.0	0.0	0.0	0.0	0.0	0.0	0.0	0.0	0.0	0.0	0.0	0.0
12-Otf+ neurons 2	0.0	0.0	0.0	0.0	0.0	0.0	0.0	0.0	0.0	0.0	0.0	0.0	0.0	0.0	0.0	0.0	0.0	0.1473895531534263	0.1245231114470155	0.0	0.0	0.0	0.0	0.0	0.0	0.0	0.0	0.0	0.0	0.0	0.0	0.0	0.0	0.0	0.0	0.0	0.428075644484103	0.0	0.167292424275217	0.0	0.0	0.0	0.0	0.0	0.0	0.0	0.0	0.0	0.0	0.0	0.0
14-Otf+ neurons 1	0.1349311120290599	0.0	0.0	0.0	0.0	0.0	0.0	0.0	0.0	0.0	0.0	0.0	0.0	0.0	0.1119721068813869	0.1340581595547257	0.0	0.0	0.0	0.0	0.0	0.0	0.0	0.0	0.0	0.0	0.0	0.0	0.0	0.0	0.0	0.0	0.0	0.0	0.1240215135419075	0.4267735234509041	0.0	0.0	0.0	0.0	0.0	0.0	0.0	0.0	0.0	0.0	0.0	0.0	0.0	0.0	0.0
18-DVB epidermal(Epi.18)	0.1084462423163847	0.1513483062940311	0.2184099674324455	0.0	0.0	0.2155842504766647	0.0	0.0	0.3128493786591913	0.2980567277246149	0.0	0.0	0.0	0.0	0.2565662414511485	0.2851768579625663	0.0	0.133452051951174	0.1117972430413411	0.0	0.0	0.0	0.0	0.0	0.0	0.0	0.0	0.0	0.0	0.0	0.0	0.0	0.0	0.0	0.0	0.0	0.0	0.0	0.0	0.0	0.1532298828381691	0.0	0.0	0.0	0.0	0.0	0.0	0.1597104165793488	0.0	0.0	0.0
25-CNS	0.4971337434691468	0.3670519229125823	0.1598960265327852	0.0	0.0	0.1659438616717271	0.0	0.0	0.0	0.0	0.0	0.0	0.0	0.0	0.0	0.0	0.0	0.0	0.0	0.0	0.0	0.0	0.0	0.0	0.0	0.0	0.0	0.0	0.0	0.0	0.0	0.0	0.0	0.2704859391594674	0.2713858542761744	0.1184249078703376	0.1170917766224684	0.0	0.0	0.0	0.0	0.0	0.0	0.0	0.0	0.0	0.0	0.0	0.0	0.0	0.1945374276219219
28-CNS progenitor	0.3908490175617037	0.3680003284893794	0.1949053965583189	0.0	0.0	0.1793639416720732	0.0	0.0	0.0	0.0	0.0	0.0	0.0	0.0	0.0	0.0	0.0	0.0	0.0	0.0	0.0	0.0	0.0	0.0	0.0	0.0	0.0	0.0	0.0	0.0	0.0	0.0	0.0	0.2735510389432546	0.1985286774205215	0.0	0.0	0.0	0.0	0.0	0.0	0.0	0.0	0.0	0.0	0.0	0.0	0.0	0.0	0.0	0.1373247949315105
35-Pharynx otf+ neuron	0.0	0.0	0.0	0.0	0.0	0.0	0.0	0.0	0.0	0.0	0.0	0.0	0.0	0.0	0.0	0.0	0.0	0.20341757971557	0.2585911295239297	0.1629355410659865	0.0	0.0	0.0	0.0	0.0	0.0	0.0	0.0	0.0	0.0	0.0	0.0	0.0	0.0	0.1081792622434593	0.1400190451286217	0.2010349507950386	0.0	0.109693302430947	0.0	0.0	0.2574748544641592	0.0	0.0	0.0	0.0	0.0	0.0	0.0	0.0	0.0
1-Ventral epidermal progenitor (Epi.1)	0.1397117510477725	0.1263091720372406	0.1358887776681766	0.0	0.0	0.1480342660127905	0.0	0.0	0.230540558823599	0.0	0.0	0.0	0.0	0.0	0.3145863123583126	0.3621786663549718	0.0	0.2965966468993625	0.2506376830011874	0.0	0.0	0.0	0.0	0.0	0.0	0.0	0.0	0.0	0.0	0.0	0.0	0.0	0.0	0.0	0.0	0.0	0.1208911775322739	0.0	0.0	0.0	0.0	0.0	0.0	0.0	0.0	0.0	0.0	0.0	0.0	0.0	0.0
15-Dorsal epidermal progenitors (early stage) (Epi.15)	0.0	0.0	0.0	0.0	0.0	0.0	0.1549940538683181	0.0	0.0	0.0	0.0	0.0	0.0	0.0	0.5233974808921061	0.5876358529650894	0.0	0.1401489995418566	0.1218540785255588	0.0	0.0	0.0	0.0	0.0	0.0	0.0	0.0	0.0	0.0	0.0	0.0	0.0	0.0	0.0	0.0	0.0	0.0	0.0	0.0	0.0	0.0	0.0	0.1099058666940245	0.0	0.0	0.0	0.0	0.0	0.0	0.0	0.0
20-Ventral epidermal(Epi.20)	0.0	0.1401913542342507	0.2826892788345203	0.0	0.0	0.2844116429802532	0.0	0.0	0.6171344886207988	0.1124919272065305	0.0	0.0	0.0	0.0	0.1736382269736219	0.2027509503451093	0.0	0.110326764822928	0.0	0.0	0.0	0.0	0.0	0.0	0.0	0.0	0.0	0.0	0.0	0.0	0.0	0.0	0.0	0.0	0.0	0.0	0.0	0.0	0.0	0.0	0.3579882596591875	0.0	0.0	0.1599220352176559	0.0	0.0	0.0	0.0	0.0	0.0	0.0
24-Dorsal epidermal(Epi.24)	0.0	0.0	0.1277365577303014	0.0	0.0	0.1248912030677084	0.0	0.0	0.5516505531256345	0.1025398641513302	0.0	0.0	0.0	0.0	0.2782778696353704	0.3151420907188328	0.0	0.2113598790948013	0.1829758851271544	0.0	0.0	0.0	0.0	0.0	0.0	0.0	0.0	0.0	0.0	0.0	0.0	0.0	0.0	0.0	0.0	0.0	0.0	0.0	0.0	0.0	0.2425426656737338	0.0	0.0	0.0	0.0	0.0	0.0	0.0	0.0	0.0	0.0
30-Dorsal epidermal progenitors (late stage) (Epi.30)	0.0	0.0	0.0	0.0	0.0	0.0	0.1498248738286801	0.0	0.0	0.0	0.0	0.0	0.0	0.0	0.2816402338621163	0.306794992345357	0.0	0.1700976629438431	0.1327055763084736	0.0	0.0	0.0	0.0	0.0	0.0	0.0	0.0	0.0	0.0	0.0	0.0	0.0	0.0	0.0	0.0	0.0	0.0	0.0	0.0	0.0	0.0	0.0	0.0	0.0	0.0	0.0	0.0	0.0	0.13093969555534	0.0	0.0
17-Dorsal body wall muscle	0.0	0.0	0.0	0.0	0.0	0.0	0.0	0.0	0.0	0.0	0.0	0.0	0.0	0.0	0.1424877711006992	0.1445483181848968	0.0	0.3094174223350648	0.2514403444336461	0.1758071892947318	0.0	0.0	0.0	0.0	0.0	0.0	0.0	0.0	0.0	0.0	0.0	0.0	0.0	0.0	0.0	0.0	0.0	0.0	0.0	0.0	0.0	0.0	0.1185193777916676	0.0	0.0	0.0	0.0	0.0	0.0	0.0	0.0
27-Muscle	0.0	0.0	0.0	0.0	0.0	0.0	0.1480905464388983	0.0	0.0	0.0	0.0	0.0	0.0	0.0	0.2470915034197925	0.2660784520005469	0.0	0.0	0.0	0.0	0.1310788121846879	0.0	0.0	0.0	0.0	0.0	0.0	0.0	0.0	0.0	0.0	0.0	0.0	0.0	0.0	0.0	0.0	0.0	0.0	0.0	0.0	0.0	0.0	0.0	0.0	0.0	0.0	0.0	0.0	0.0	0.0
0-Parapharyngeal parenchymal progenitor	0.0	0.0	0.0	0.0	0.0	0.0	0.0	0.0	0.0	0.0	0.1201336303322658	0.0	0.0	0.2160246234964002	0.0	0.0	0.0	0.0	0.0	0.0	0.2562512972756199	0.0	0.0	0.0	0.132205236269524	0.1679824495585396	0.0	0.0	0.134896873307036	0.1715866686768403	0.1108722029786505	0.1132066911653199	0.0	0.0	0.0	0.0	0.0	0.1422976435748144	0.0	0.0	0.0	0.1072093873103026	0.0	0.0	0.0	0.0	0.0	0.0	0.0	0.0	0.0
4-Parapharyngeal parenchymal 4	0.0	0.0	0.0	0.0	0.0	0.0	0.0	0.0	0.0	0.0	0.1375231703846499	0.0	0.0	0.15498355114065	0.0	0.0	0.0	0.0	0.0	0.0	0.2742038626660613	0.0	0.1080105985808368	0.0	0.1403621545409022	0.1790597417551017	0.0	0.0	0.1396723482557335	0.1803595723271591	0.1226355360218167	0.1175939497720861	0.1119619172089023	0.0	0.0	0.0	0.0	0.1221571398690592	0.0	0.0	0.0	0.0	0.0	0.0	0.0	0.0	0.1303297977159788	0.0	0.0	0.0	0.0
7-Scattered parenchymal late progenitor	0.0	0.0	0.0	0.1458296536114055	0.0	0.0	0.0	0.0	0.0	0.0	0.1795126654445655	0.0	0.0	0.2349289184989674	0.0	0.0	0.0	0.0	0.0	0.0	0.4832430813994477	0.0	0.1412322058461586	0.0	0.1514387190015303	0.2075665044572767	0.1005263374080139	0.0	0.1736010135996813	0.3162634011852869	0.1333454651179797	0.1730483213781003	0.1256831022775712	0.0	0.0	0.0	0.0	0.1818519176516245	0.1172710269065491	0.0	0.0	0.0	0.0	0.0	0.0	0.0	0.0	0.0	0.0	0.1472129478840199	0.0
9-Scattered parenchymal early progenitor	0.0	0.0	0.0	0.169727862404715	0.0	0.0	0.1193761730066989	0.0	0.0	0.0	0.1954054301435553	0.0	0.0	0.3169070900653393	0.0	0.0	0.0	0.0	0.0	0.0	0.5303580871014519	0.0	0.14754576479354	0.0	0.1639324778256981	0.2193572628349115	0.1117629419875135	0.0	0.1883324937093632	0.341762584312306	0.1404549124697664	0.1869068255717502	0.1207981538270128	0.0	0.0	0.0	0.0	0.168601965140381	0.0	0.0	0.0	0.1075883380065827	0.0	0.0	0.0	0.0	0.0	0.0	0.0	0.1166217798422244	0.0
13-Parapharyngeal parenchymal 3	0.0	0.0	0.0	0.0	0.0	0.0	0.0	0.0	0.0	0.0	0.1266892373946744	0.0	0.2306325287981028	0.2949831446038097	0.0	0.0	0.0	0.0	0.0	0.0	0.2134161127562188	0.0	0.1024257838295891	0.0	0.1485600799446383	0.1790965954034439	0.0	0.0	0.1230035098713526	0.1508792633881553	0.1128066910342252	0.1179502195226012	0.1047212913420706	0.0	0.0	0.0	0.0	0.1931965514580702	0.120874709751252	0.2954588600769161	0.0	0.0	0.0	0.0	0.0	0.0	0.0	0.0	0.0	0.0	0.0
22-Scattered parenchymal	0.0	0.0	0.0	0.1541688594219946	0.0	0.0	0.0	0.0	0.0	0.0	0.2203883788206917	0.0	0.0	0.3075609344649682	0.0	0.0	0.0	0.0	0.0	0.0	0.5703881858555944	0.0	0.1666152127658653	0.0	0.1837480854175078	0.2530275394519246	0.1240013503758372	0.0	0.203618902302107	0.3644329411913651	0.1563586829114376	0.2126991085423179	0.1732762736880425	0.0	0.0	0.0	0.0	0.2065705699470793	0.1382282790731362	0.0	0.0	0.0	0.0	0.0	0.0	0.0	0.0	0.0	0.0	0.1160838168457584	0.0
23-Parapharyngeal parenchymal 1	0.0	0.0	0.0	0.0	0.0	0.0	0.0	0.0	0.0	0.0	0.125482969382683	0.0	0.0	0.1790098566608087	0.0	0.0	0.0	0.0	0.0	0.0	0.2503803507004286	0.0	0.1015048471384648	0.0	0.1346426354879108	0.169571128801015	0.0	0.0	0.1316449684318628	0.1662484301194429	0.1115441783223167	0.1093820944034119	0.1014412467644472	0.0	0.0	0.0	0.0	0.1349070631716379	0.0	0.0	0.0	0.0	0.0	0.0	0.0	0.0	0.0	0.0	0.0	0.0	0.0
26-DVB parenchymal	0.0	0.0	0.0	0.0	0.0	0.0	0.1311595697538708	0.0	0.0	0.0	0.0	0.0	0.0	0.0	0.0	0.0	0.0	0.0	0.0	0.0	0.2286760046153799	0.0	0.0	0.0	0.0	0.0	0.0	0.0	0.0	0.1443594934785435	0.0	0.0	0.0	0.0	0.0	0.0	0.0	0.0	0.0	0.0	0.0	0.0	0.0	0.0	0.0	0.0	0.1232130592255886	0.0	0.111712232025984	0.226698307055132	0.0
32-Parapharyngeal parenchymal 2	0.0	0.0	0.0	0.0	0.0	0.0	0.0	0.0	0.0	0.0	0.1102622245485159	0.0	0.0	0.19395718766593	0.0	0.0	0.0	0.0	0.0	0.0	0.1657815121265255	0.0	0.0	0.0	0.1311573085246329	0.1538508188315589	0.0	0.0	0.1125222924310803	0.1180967430582564	0.1115795673496171	0.0	0.0	0.0	0.0	0.0	0.0	0.1171172848649621	0.0	0.1262778929964027	0.0	0.0	0.0	0.0	0.0	0.0	0.0	0.0	0.0	0.0	0.0
33-Prepharyngeal parenchymal progenitor	0.0	0.0	0.0	0.0	0.0	0.0	0.0	0.0	0.0	0.0	0.0	0.0	0.0	0.1298623734241229	0.0	0.0	0.0	0.0	0.0	0.0	0.3230514775970693	0.0	0.0	0.0	0.0	0.0	0.0	0.0	0.0	0.1973366842492405	0.0	0.1009574129977291	0.0	0.0	0.0	0.0	0.0	0.1035428996560255	0.1025281973526756	0.0	0.0	0.0	0.0	0.0	0.0	0.0	0.0	0.0	0.0	0.0	0.0
2-Gastrovascular cavity progenitor	0.0	0.0	0.0	0.0	0.1386800684804267	0.0	0.0	0.0	0.0	0.0	0.0	0.0	0.3335389001803982	0.1839334816525142	0.0	0.0	0.1819798507010432	0.0	0.0	0.0	0.0	0.0	0.0	0.0	0.0	0.0	0.0	0.0	0.0	0.0	0.0	0.0	0.0	0.0	0.0	0.0	0.0	0.0	0.0	0.5952967775356984	0.0	0.0	0.0	0.0	0.1312254602989118	0.1394077792103673	0.0	0.0	0.0	0.0	0.0
5-Goblet cells progenitor (Intestine)	0.0	0.0	0.0	0.0	0.1233694148275352	0.0	0.0	0.0	0.0	0.0	0.0	0.0	0.3789506460441896	0.0	0.0	0.0	0.1414152553714515	0.0	0.0	0.0	0.0	0.0	0.0	0.0	0.0	0.0	0.0	0.0	0.0	0.0	0.0	0.0	0.0	0.0	0.0	0.0	0.0	0.0	0.0	0.5518924022272538	0.0	0.0	0.0	0.0	0.1103844032245188	0.1513611090714869	0.0	0.0	0.0	0.0	0.0
8-Goblet cells	0.0	0.0	0.0	0.0	0.1355992638932468	0.0	0.0	0.0	0.0	0.0	0.0	0.0	0.3549071871496564	0.1179436885912148	0.0	0.0	0.1632074094154019	0.0	0.0	0.0	0.0	0.0	0.0	0.0	0.0	0.0	0.0	0.0	0.0	0.0	0.0	0.0	0.0	0.0	0.0	0.0	0.0	0.0	0.0	0.6071698723792645	0.0	0.0	0.0	0.0	0.1271863956062412	0.1531628433672359	0.0	0.0	0.0	0.0	0.0
10-Cathepsin+ cells progenitor	0.0	0.0	0.0	0.0	0.1486781862331926	0.0	0.0	0.0	0.0	0.0	0.0	0.0	0.3667038313561804	0.1337695126084174	0.0	0.0	0.1931207664536565	0.0	0.0	0.0	0.0	0.0	0.0	0.0	0.0	0.0	0.0	0.0	0.0	0.0	0.0	0.0	0.0	0.0	0.0	0.0	0.0	0.0	0.0	0.6263983086988255	0.0	0.0	0.0	0.0	0.1465248754557099	0.1397180808876168	0.0	0.0	0.0	0.0	0.0
21-Cathepsin+ cells	0.0	0.0	0.0	0.0	0.1319819064847442	0.0	0.0	0.0	0.0	0.0	0.0	0.0	0.4120094223073104	0.0	0.0	0.0	0.1570317397683094	0.0	0.0	0.0	0.0	0.0	0.0	0.0	0.0	0.0	0.0	0.0	0.0	0.0	0.0	0.0	0.0	0.0	0.0	0.0	0.0	0.0	0.0	0.5574275648105406	0.0	0.0	0.0	0.0	0.1240331394797775	0.1532578788322096	0.0	0.0	0.0	0.0	0.0
6-Phagocytes progenitor	0.0	0.0	0.0	0.0	0.1564691021233296	0.0	0.0	0.0	0.0	0.0	0.0	0.0	0.2990934645728184	0.1942132610550714	0.0	0.0	0.2308803287297658	0.0	0.0	0.0	0.0	0.0	0.0	0.0	0.0	0.0	0.0	0.0	0.0	0.0	0.0	0.0	0.0	0.0	0.0	0.0	0.0	0.1008107845036258	0.1345150716021072	0.6085847153318472	0.0	0.0	0.0	0.0	0.1590501754065968	0.1321045879550136	0.0	0.0	0.0	0.0	0.0
11-Prepharyngeal parenchymal	0.0	0.0	0.0	0.1569183112462776	0.0	0.0	0.0	0.0	0.0	0.0	0.1814774869213954	0.0	0.0	0.2704190759563675	0.0	0.0	0.0	0.0	0.0	0.0	0.4965679124323601	0.0	0.1392189396840418	0.0	0.1529496871341316	0.2142090039797238	0.0	0.0	0.1774176450066397	0.3193721028295166	0.1346997878456452	0.1783961999467879	0.1178763441911615	0.0	0.0	0.0	0.0	0.1909270810294584	0.1261642411753964	0.0	0.0	0.1059350284269695	0.0	0.0	0.0	0.0	0.1136892241811772	0.0	0.0	0.1114518269523189	0.0
16-Phagocytes	0.0	0.0	0.0	0.0	0.15393126134111	0.0	0.0	0.0	0.0	0.0	0.0	0.0	0.2592533992617598	0.1238254082352274	0.0	0.0	0.2051397870421603	0.0	0.0	0.0	0.0	0.0	0.0	0.0	0.0	0.0	0.0	0.0	0.0	0.0	0.0	0.0	0.0	0.0	0.0	0.0	0.0	0.0	0.0	0.6766386943297554	0.0	0.0	0.0	0.0	0.1460553284016789	0.1386822675526181	0.0	0.0	0.0	0.0	0.0
19-Pharynx	0.1332899586691704	0.1444133836502499	0.1176445394179886	0.0	0.0	0.1146811654350245	0.0	0.0	0.0	0.0	0.0	0.0	0.0	0.0	0.0	0.0	0.0	0.2794528828302954	0.3249761310452839	0.1469341574414757	0.0	0.0	0.0	0.0	0.0	0.0	0.0	0.0	0.0	0.0	0.0	0.0	0.0	0.0	0.1064434496227111	0.1187475952269763	0.0	0.0	0.0	0.0	0.3346567833003421	0.2517755793763944	0.0	0.0	0.0	0.0	0.0	0.0	0.0	0.0	0.0
29-Pharynx pouch	0.0	0.0	0.0	0.0	0.0	0.0	0.0	0.0	0.0	0.0	0.0	0.0	0.0	0.0	0.0	0.0	0.0	0.2008355730292103	0.2032131760521097	0.0	0.0	0.0	0.0	0.0	0.0	0.0	0.0	0.0	0.0	0.0	0.0	0.0	0.0	0.0	0.0	0.0	0.0	0.0	0.0	0.0	0.2100299083918141	0.1609369253779911	0.0	0.0	0.0	0.1687201068845737	0.0	0.0	0.0	0.0	0.0
34-Protonephridia	0.0	0.0	0.0	0.0	0.0	0.0	0.1491980796526736	0.0	0.0	0.0	0.0	0.0	0.0	0.1057652857606854	0.0	0.0	0.0	0.0	0.0	0.0	0.3118709173116447	0.0	0.0	0.0	0.0	0.0	0.0	0.0	0.0	0.2020699408291009	0.0	0.0	0.0	0.0	0.0	0.0	0.0	0.0	0.0	0.0	0.0	0.0	0.0	0.0	0.0	0.0	0.0	0.0	0.0	0.1409207958478843	0.0
