	CNS	Epidermis	Ventral epidermis	Anterior body	Body wall-1	Body wall-2	Genital chamber	Gut	Gut-1	Gut-2	Secertory	Pharynx	Protonephridia	Wounds
31-Clu.31(ARZ)	0.2198456548530071	0.6295393118885344	0.349856002707659	0.0	0.0	0.0	0.0	0.0	0.0	0.0	0.0	0.3551241737378784	0.0	0.0
3-Neoblast	0.0	0.0	0.0	0.4561190240769206	0.0	0.0	0.2703893050488222	0.0	0.0	0.0	0.0	0.0	0.0	0.2937293021276869
12-Otf+ neurons 2	0.2658915466444631	0.0	0.4208646439139641	0.0	0.0	0.0	0.3047358034468455	0.0	0.0	0.0	0.0	0.0	0.3532782770214188	0.3047479842208593
14-Otf+ neurons 1	0.4700737068051187	0.3754398818645121	0.6146815721229502	0.369559518455598	0.0	0.0	0.2895381429391155	0.0	0.0	0.0	0.2126826761336945	0.0	0.3830894937848005	0.0
18-DVB epidermal(Epi.18)	0.2005264733634577	0.5910000190302535	0.4025590936041225	0.0	0.0	0.0	0.0	0.0	0.0	0.0	0.0	0.2265635441136191	0.2110005038664263	0.0
25-CNS	0.7445968466126793	0.0	0.6150760817468527	0.3238796226975006	0.0	0.0	0.2255163205689456	0.0	0.0	0.0	0.2165263464162161	0.0	0.2505115119615712	0.0
28-CNS progenitor	0.6629066276531553	0.0	0.5124075252257299	0.367469280495	0.0	0.0	0.2441981219348709	0.0	0.0	0.0	0.0	0.0	0.3047082678188521	0.0
35-Pharynx otf+ neuron	0.0	0.0	0.0	0.0	0.0	0.0	0.2424848641136683	0.0	0.0	0.0	0.0	0.467340671778777	0.3063257052118837	0.0
1-Ventral epidermal progenitor (Epi.1)	0.2863975494995218	0.6677731516878876	0.5541092204975703	0.0	0.0	0.0	0.0	0.0	0.0	0.0	0.0	0.2737796729426172	0.261821560039945	0.0
15-Dorsal epidermal progenitors (early stage) (Epi.15)	0.0	0.6503403188314477	0.4198688012755097	0.0	0.0	0.0	0.0	0.0	0.0	0.0	0.0	0.0	0.2174341649276889	0.0
20-Ventral epidermal(Epi.20)	0.0	0.5766025918532038	0.0	0.0	0.0	0.0	0.0	0.0	0.0	0.0	0.0	0.3246133153804715	0.0	0.0
24-Dorsal epidermal(Epi.24)	0.0	0.7195063100395546	0.0	0.0	0.0	0.0	0.0	0.0	0.0	0.0	0.0	0.2101925562195762	0.0	0.0
30-Dorsal epidermal progenitors (late stage) (Epi.30)	0.3031000663965409	0.5226361437422715	0.491098443953424	0.2406581394067826	0.0	0.0	0.0	0.0	0.0	0.0	0.0	0.0	0.3256471985070507	0.0
17-Dorsal body wall muscle	0.232206961760036	0.5009160860398011	0.3860866431182393	0.2366013549444116	0.0	0.0	0.0	0.0	0.0	0.0	0.0	0.0	0.2678161443034133	0.0
27-Muscle	0.2098608992294733	0.4377155327459425	0.3665187712407998	0.3059045526719506	0.0	0.0	0.2172949966975809	0.0	0.0	0.0	0.0	0.0	0.3022041119524271	0.0
0-Parapharyngeal parenchymal progenitor	0.0	0.0	0.0	0.0	0.0	0.0	0.0	0.0	0.0	0.0	0.6117594710457607	0.0	0.0	0.0
4-Parapharyngeal parenchymal 4	0.0	0.0	0.0	0.2496852473745183	0.0	0.0	0.0	0.0	0.0	0.0	0.6568653048884008	0.0	0.0	0.0
7-Scattered parenchymal late progenitor	0.2633917268052643	0.0	0.2416173537561797	0.5985913615085299	0.0	0.0	0.3673011887524581	0.0	0.0	0.0	0.3173480971924551	0.0	0.3119433484778074	0.2290846861681791
9-Scattered parenchymal early progenitor	0.0	0.0	0.0	0.4355147727251582	0.0	0.0	0.3263740663201994	0.0	0.0	0.0	0.2512035974267789	0.0	0.2307014084814958	0.3294663326974506
13-Parapharyngeal parenchymal 3	0.0	0.0	0.0	0.0	0.3747917252705615	0.0	0.0	0.4016056281603863	0.4367863455271665	0.4204281406555324	0.0	0.0	0.0	0.0
22-Scattered parenchymal	0.2241509775978243	0.0	0.0	0.5989506566714814	0.0	0.0	0.3759980272642729	0.0	0.0	0.0	0.2694382982625224	0.0	0.2970909289307949	0.3018100114686626
23-Parapharyngeal parenchymal 1	0.0	0.0	0.0	0.0	0.0	0.0	0.0	0.0	0.0	0.0	0.6041983207284303	0.0	0.0	0.0
26-DVB parenchymal	0.3073850623712219	0.0	0.397581068548488	0.4560918992354792	0.0	0.0	0.3480437773849419	0.0	0.0	0.0	0.2995903232531909	0.0	0.4464005791579427	0.0
32-Parapharyngeal parenchymal 2	0.0	0.0	0.0	0.0	0.0	0.0	0.0	0.0	0.0	0.0	0.3404040345590352	0.0	0.0	0.0
33-Prepharyngeal parenchymal progenitor	0.3912964405127971	0.0	0.3854404806936693	0.5248216139986293	0.0	0.0	0.3590375031799282	0.0	0.0	0.0	0.0	0.0	0.3603978719613682	0.2219377302235459
2-Gastrovascular cavity progenitor	0.0	0.0	0.0	0.0	0.6464212906379838	0.0	0.0	0.7284074132138386	0.7574698920491828	0.7544472191531647	0.0	0.0	0.0	0.3001309073753872
5-Goblet cells progenitor (Intestine)	0.0	0.0	0.0	0.0	0.5804537456972305	0.0	0.0	0.7468915066549836	0.7559523403922308	0.7503169309887594	0.0	0.0	0.0	0.0
8-Goblet cells	0.0	0.0	0.0	0.0	0.6335369169191261	0.0	0.0	0.7770777558004562	0.7908940806410053	0.7834452137106372	0.0	0.0	0.0	0.210204218942755
10-Cathepsin+ cells progenitor	0.0	0.0	0.0	0.0	0.7158939367756857	0.0	0.0	0.7594129601032334	0.7711340664247851	0.7624039296424187	0.0	0.0	0.0	0.2996025191572377
21-Cathepsin+ cells	0.0	0.0	0.0	0.0	0.6311711820281263	0.0	0.0	0.7100150502870202	0.7104470095342059	0.7072546373057214	0.0	0.0	0.0	0.0
6-Phagocytes progenitor	0.0	0.0	0.0	0.0	0.6853821788720662	0.0	0.0	0.6918600249665805	0.7105439015204786	0.7045770815003407	0.0	0.0	0.0	0.3683155072605538
11-Prepharyngeal parenchymal	0.3004005132492455	0.0	0.2736087614689417	0.7215053651749618	0.0	0.0	0.3800111879126377	0.0	0.0	0.0	0.3996228701608017	0.0	0.2806653452675228	0.0
16-Phagocytes	0.0	0.0	0.0	0.0	0.7244107076418924	0.0	0.0	0.7904018074906158	0.7939914449016288	0.7827908417905829	0.0	0.0	0.0	0.3181378932832288
19-Pharynx	0.0	0.0	0.0	0.0	0.0	0.0	0.0	0.0	0.0	0.0	0.0	0.745497146743154	0.210173077194977	0.0
29-Pharynx pouch	0.0	0.0	0.0	0.0	0.0	0.0	0.0	0.0	0.0	0.0	0.0	0.4631246212602957	0.2283637106781152	0.0
34-Protonephridia	0.2313769205786704	0.0	0.2823514046348108	0.4306810182279038	0.0	0.0	0.3229793594829492	0.0	0.0	0.0	0.2542672425823062	0.0	0.3300150593161052	0.0
