	WT	0hpa	12hpa	36hpa	3dpa	5dpa	7dpa	10dpa	14dpa
wnt2	1.236870236434204	0.5090510414186565	2.608673323387556	1.3972620297434235	2.5663520893778786	0.7437354422237049	0.2884466539146495	4.813814511007716	0.2826054543667614
TrkA	3.0553932943193214	0.131429805	0.196608292	0.1750579311696805	0.8768437430438525	2.2932049418452447	0.4100022783927377	4.689865825755051	3.687063520622031
sFRP-3	2.109909051071269	0.2015310700178134	-0.380263972	-0.394782056	2.8245891259624565	1.1051718573153186	0.9369561	3.1799494245848567	-0.982823146
fz5/8-3	2.8401227879912536	0.2762149753009437	-0.447198306	0.3884963305380746	2.177988613682805	4.965157391012496	1.3298049192812196	4.362010019091777	2.993697985955026
bche	0.3403018019326702	-0.353972105	-0.372114793	-0.316136166	0.6302681994896746	2.234448717634801	2.3333918480344527	4.469070911035346	1.103455879311641
sFRP-1	2.437432135953872	-0.425412781	0.035054549	0.8324504999898589	3.913095407422313	2.8409081907112483	3.213634489922461	6.146170427463138	1.3688526892166772
zic-1	1.8747791636467144	-0.335971862	0.015487167	0.9267154301340343	3.6759398216697674	2.507727859790731	3.390447585921248	6.390437061189124	1.0016855765786516
ndl-5	2.1398265413098088	0.2803696175638955	0.2026792286151638	0.6958557179214724	2.726715350540762	2.6285068477069222	1.374003346250988	4.322609227406547	0.7132356330755436
prep	2.771705800372493	-0.261989221	0.202454987	1.354887992	4.171086213197155	3.6544827776033366	1.0185886388644514	5.024824397	0.6469791479894099
ndl-2	1.055967484383954	0.4334434254323916	0.1407711372191908	0.5437535800654912	3.478539103050056	3.010134314	1.7318592969474471	2.9068947171348314	0.038413392
glra1	0.3835588708352536	-0.444852302	-0.223727237	0.3040122695905031	2.146672858745949	2.8152392476544263	2.479123967579661	3.620180977357868	0.4093870174204532
mmp2	0.8855383889863806	-0.425291155	-0.214835787	0.2088401569892945	2.266860572808637	2.4839726029315683	2.549214227903833	2.627388960872806	0.6971729998004551
ndl-1	1.6724593968942625	-0.170788673	-0.436035519	-0.047805363	2.192467803956105	3.634409141272827	2.137767559829987	5.294851140028229	1.4352533970720616
zic-2	0.9194787044744596	0.082868873	0.035344443	0.272843144	4.671981973943733	4.321131370979176	2.3669182016268824	4.587708170529967	1.6150671388402398
fz5/8-4	1.3843155614790017	-0.446229214	-0.211233691	0.3791317943353148	3.883427627082317	5.276538267343337	2.189129630442407	4.057941489571875	1.262563089009643
ndk	2.096651432687988	-0.339809724	-0.183163225	0.506677816	2.917976322	4.0347023980146295	2.697808981082788	4.1972985439801205	1.7068260035400429
ndl-4	2.042360567	-0.282605448	-0.300213266	0.3474525551663134	3.572710019	5.173626627890574	2.663343557239809	5.143944991837876	1.611883589961869
dd_36502	-0.524788944	-0.304697277	-0.455870195	-0.486471348	-0.541725802	-0.539825448	-0.379684306	-0.47801939	-0.39957349
sp5	-0.722052233	-0.729560424	-0.416927081	-0.608407982	-0.541096619	-0.622771477	-0.689270738	-0.561621477	-0.801444994
axin2	-0.948692848	-0.737485307	0.2762496270740802	-0.62324498	-0.469043383	-0.530877699	-0.638010454	-0.175795047	-1.149632051
wntP-2	-0.990807328	-0.709674522	-0.743171933	-0.970167697	-0.90007632	-0.968158633	-0.764472324	-0.788297583	-1.235383426
dd_4427	-0.727268778	-0.614730291	-0.510608079	-0.689342233	-0.632611718	-0.657969622	-0.677296797	-0.62410855	-0.729807773
wnt11-2	-0.39186212	-0.431005785	-0.363373252	-0.336691443	-0.347643021	-0.47856316	-0.455135941	-0.037283763	-0.352301905
hox4b	-0.716297083	-0.491298158	-0.079223118	-0.594536728	-0.56439739	-0.806583156	-0.322784852	-0.421990874	-0.721375189
dd_13065	-0.423283942	-0.476557733	-0.521218337	-0.608329706	-0.475427571	-0.191648293	-0.517481787	-0.264204322	-0.469793301
fz4-1	-0.441647674	-0.391462073	-0.201306113	-0.446468783	-0.395514362	-0.366992608	-0.259365974	-0.217308721	-0.551810267
lox5a	-0.475730215	-0.513641738	-0.513719607	-0.536517866	-0.532789131	-0.581911313	-0.580157788	-0.40283458	-0.565648987
Post-2c	-0.543655631	-0.466155842	-0.399162582	-0.435658041	-0.563406414	-0.604391819	-0.549156444	-0.43631167	-0.68054592
foxD	-0.5601068	-0.7481064	-0.4696259	0.82903365	2.501493447	0.63468279	1.076233782	0.327160662	0.32985164
teashirt	-0.8405375	-0.7548789	-0.3831614	-1.1513246	-0.660125	-0.1972007	-1.2035512	0.156738342	-1.524761
ptk7	-1.3569787	-0.4049076	-0.4394888	-0.7423171	-1.4327555	-0.8641861	-1.415727	0.06652504	-1.8348979
tolloid	-0.662073344	-0.455422874	-0.806767816	-0.675698102	-0.862486634	-0.807557696	-0.681311836	-0.614473975	-0.812759413
bmp4	2.8759153201214684	-0.557648317	-0.827649926	1.3904614661709886	6.4179342206472345	0.2736897234207408	2.6255067242089134	1.8766453042220932	-0.296698683
ft-2	0.8721872286118819	-0.489745649	-0.483552156	-0.626776681	3.4212761275153616	5.460936706458298	-0.172454221	3.7945084551612216	2.301984831890441
ft-1	0.6533352915222287	-0.260993222	-0.36942935	-0.311403108	2.3479122644367143	2.5653478817052973	2.144663115820636	4.400026292591319	-0.299821272
ds	0.4719280722638471	0.2499385884417023	-0.08032032	-0.547879207	0.9480668615284304	0.4399621467377305	2.5150812346403875	5.285253188136022	0.7109319383500196
smad4	1.823509231722304	0.345965009	0.2323006015402049	-0.391399386	0.6626663902081794	1.8918242163421777	-0.032396696	3.021580947688676	-0.274151699
slit	-0.2275459	-0.9177046	-0.2111865	-0.2024816	-0.4544645	1.193919745	0.460824167	1.026925293	-1.1178732
nlg-7	0.664256784	0.512846703	-0.0685714	-0.1785161	-0.0192078	0.04326268	-2.1203031	2.975954247	-0.9373708