	WT	0hpa	12hpa	36hpa	3dpa	5dpa	7dpa	10dpa	14dpa
wnt2	-0.766274342	-0.153669585	-0.436998808	-0.65192916	0.1487689100242278	-1.189737429	-1.015831593	-1.068818867	-1.040739079
TrkA	0.536301163	-0.583667127	-0.798060254	-0.433618895	0.8428407605717746	0.483384846	1.828326596388985	0.8265205009966367	0.267119431
sFRP-2	-1.043008334	-0.268834569	-0.629744905	-0.612474363	-0.322845905	-0.244175258	-0.727930926	-0.932528755	-1.357236315
fz5/8-3	-0.388328584	-0.098844959	-0.62806087	-0.608793491	-0.404183694	-0.556336985	-0.184331917	-0.306608216	-0.715499677
bche	-0.242000103	-0.317351446	-0.539450899	-0.595694509	-0.117488388	-0.278316449	0.5799608829151124	0.551338856	-0.196825774
sFRP-1	-0.365400696	-0.502105961	-0.393019997	-0.436548612	0.063739439	-0.193913114	-0.502105961	-0.049742818	-0.502105961
zic-1	-0.573198858	-0.710481842	0.2246638163975882	-0.193467554	-0.290073395	-0.578706841	-0.710481842	0.1563653888132597	-0.155772111
ndl-5	-0.784715632	-0.599602989	-0.563500009	-0.609892857	-0.573182779	-0.863584842	-0.887273108	-0.914348345	-0.76103079
prep	0.073898318	0.8250476669680654	0.1789462718209842	0.3001138156588456	0.8344487999576219	0.2778170108838655	-0.073895964	-0.497405828	-1.110955065
ndl-2	-1.087558024	-0.784826332	-0.527835953	-0.633714805	-0.613981806	-0.812828261	-0.959478565	-0.55532137	-0.407893148
glra1	-0.427417664	-0.062108312	-0.57366752	-0.352397592	0.025688639	-0.312325193	-0.272172693	0.4906378843587174	-0.700353599
mmp2	-0.485739753	-0.144940836	-0.482121939	-0.608732458	-0.306666615	-0.373022964	0.2417749357942775	0.2383155454370286	-0.686469366
ndl-1	-0.535293939	-0.37187106	-0.528060636	-0.56980443	0.079210749	-0.487861319	-0.186602406	-0.110167931	-1.049341521
zic-2	-0.376226063	-0.254261611	-0.533939096	-0.549830539	0.03420257	-0.41110832	-0.400275951	-0.835332021	-0.381864891
fz5/8-4	-0.441076659	-0.669188709	-0.274295724	-0.417085749	0.014834758	-0.166229051	-0.452220055	-0.210102079	-0.521357056
ndk	-0.551953654	-0.404826747	-0.543704199	-0.373026573	-0.313158687	-0.42764399	-0.511762163	-0.488659246	-0.572155017
ndl-4	-0.287827711	-0.555874999	-0.441279238	-0.384857885	-0.076336729	-0.485657014	-0.328149707	-0.314691723	-0.120098491
dd_36502	2.4992137521613085	-0.248686787	-0.578301757	-0.407217568	0.463950282	0.50212477	0.3941194280900815	6.109556930206922	0.2248102535672177
sp5	1.7697239024631446	-0.335629734	0.4833879339485894	0.3453806139626982	4.4050008144270825	3.8450407699044415	2.4874080289113243	2.159392807551737	1.796320001859642
axin2	1.3986540886729104	-0.597036783	0.6048125739179474	0.3293876812883014	4.6353975855941325	2.6523279750643507	2.539993038177873	3.1038378942430462	1.2752658134940948
wntP-2	1.4180883963576425	0.1750939738993691	-0.383077826	-0.23109684	3.247693564820398	2.1548870488895564	2.4580689155511437	3.191619066189798	1.3662404432010675
dd_4427	1.2956834788946192	-0.169717191	-0.18815695	0.7044797316629204	3.264070146	2.8291255163752167	5.038457876175157	2.984078161114244	1.5910203603165545
wnt11-2	2.412201507686095	-0.51753222	-0.163716157	-0.226303386	3.4698095993989257	1.7030869764810386	6.626288234716781	3.0005541505941524	2.4386633660685395
hox4b	2.137745137344825	0.6871806836161065	0.314948823	0.6884003161864292	3.8758546008803183	2.1447746559774123	3.786400096	3.7753901397922034	2.418903707510638
dd_13065	1.9934518811995807	-0.668398168	-0.347747673	-0.122973724	3.8916813732968345	2.7350382416495287	5.385924127487231	2.710509482888092	2.272339964360361
fz4-1	1.9481586625857892	-0.278412716	-0.06134395	0.012200507	4.055258822	2.629113712	5.491960865894755	3.715945182695036	1.832852022788234
lox5a	1.8679291979777424	-0.474827415	-0.366751776	0.1794824567801788	4.027726428937751	2.2490154916209444	5.435766125366969	3.235318554154033	1.287849694266708
Post-2c	1.9984711642208288	-0.510336165	-0.451563481	0.8008611013770802	4.429735468879507	2.297393284977788	4.620845316025576	3.7117197017569055	1.9329627614056772
foxD	-0.592771755	-0.035611609	-1.37762092	-0.829333008	2.5037542709823706	1.4720981181806143	-1.37762092	-0.748329473	-1.37762092
teashirt	1.0157353612939042	-0.78690115	-0.095371244	0.1496896117402762	4.467984982807048	1.9310603918371263	0.8707623531463502	1.9203636344830488	-0.117597416
ptk7	0.6251636491332663	-1.494727342	-1.054444177	0.2972685263347525	1.513203180266595	0.4939290089838277	-2.057968853	2.0783929297545614	-1.626192499
tolloid	-0.641606391	0.1190537684480511	0.4717784257845483	-0.704036752	-0.797275157	-0.795620582	-0.606081836	-0.230759662	-0.514785876
bmp4	-0.568969718	-1.140202192	-0.602302403	0.168156843	1.0858255446153764	0.3802026530047388	-1.140202192	1.376630527359058	0.082427073
ft-2	-0.137227039	-0.072364399	-0.201139694	-0.406701456	0.8412366673836406	0.5730908766267653	0.5798590932929523	1.0310949489802332	-0.975191087
ft-1	0.2637890561094908	-0.072962152	-0.126430287	-0.781151545	1.4003527347187317	0.8220730566241952	1.3212260413320185	1.1353386720415684	-1.047087472
ds	-0.044810405	0.6468008052009927	0.003981393	-0.251724467	2.2649229571364247	0.680032441	4.093923269	0.1405327173023576	-0.862626428
smad4	0.3648586626367373	1.4523373534334028	-0.426534136	-0.522351952	1.561906584555672	0.089807085	1.5064588296683563	0.7809378707336622	-0.541012925
slit	-0.603850857	-0.678624821	0.006274276	-0.079397338	3.6533396557279394	1.2790881637476323	-0.521154335	-0.322263966	-1.236167969
nlg-7	0.2892125659372015	1.281046475308055	-1.406580346	-0.945098759	1.1845661671060577	-0.026305958	0.4399587920199276	0.072591465	-0.251676332