	aqp+ parenchymal cells	basal cells	body wall muscle	celsr-1+ neurons	chat+ neurons 1	chat+ neurons 2	committed neoblasts	early epidermal progenitors	epidermis	epidermis DVb	gabrb-3+ neurons	germ cell progenitors	glia	goblet cells	grik1+ neurons	intestinal and DV muscle	late epidermal progenitors	ldlrr+ parenchymal cells	muscle pharynx	muscle progenitors	neoblasts 1	neoblasts 2	neuronal progenitors	otf+ neurons 1	otf+ neurons 2	para+ neurons	pgrn+ parenchymal cells 1	pgrn+ parenchymal cells 2	phagocyte progenitors 1	phagocyte progenitors 2	phagocytes	pharynx cell type	pigment cells	pkd-1+ neurons	pkd-2+ neurons	protonephridia distal tubule cells	protonephridia flame cells	protonephridia proximal tubule cells	psap+ parenchymal cells	psd+ cells	secretory 1	secretory 2	secretory 3	secretory 4	secretory 5	secretory 6	secretory 7	secretory 8	secretory 9	th+ neurons	tinc+ neurons	tph+ neurons	trpa-1+ neurons	trpm-2-1+ neurons	trpm-2-2+ neurons	unannotated 1	unannotated 2	unannotated 3	unannotated 4	unannotated 5	unannotated 6	unannotated 7	unannotated 8	unannotated 9	unannotated 10
31-Clu.31(ARZ)	0.0	0.0	0.1271617404756299	0.1928076445461059	0.0	0.1250986658552015	0.0	0.0	0.2244227357760536	0.0	0.0	0.0	0.0	0.0	0.0	0.1097226252119446	0.1552609562291295	0.0	0.0	0.0	0.0	0.0	0.0	0.0	0.0	0.0	0.0	0.0	0.0	0.0	0.0	0.1409064982839779	0.0	0.1847240245667389	0.1258877091944209	0.0	0.0	0.0	0.0	0.0	0.0	0.0	0.0	0.0	0.0	0.0	0.0	0.0	0.0	0.208669841914956	0.0	0.0	0.0	0.1343418852446116	0.0	0.0	0.0	0.0	0.1326364106161944	0.0	0.0	0.0	0.0	0.0	0.0
3-Neoblast	0.0	0.0	0.0	0.0	0.0	0.0	0.1861497634970194	0.0	0.0	0.0	0.0	0.269042674020946	0.0	0.0	0.0	0.0	0.0	0.0	0.0	0.0	0.3401318784137689	0.3621245116399772	0.0	0.0	0.0	0.0	0.0	0.0	0.0	0.0	0.0	0.0	0.0	0.0	0.0	0.0	0.0	0.0	0.0	0.0	0.0	0.0	0.0	0.0	0.0	0.0	0.0	0.0	0.0	0.0	0.0	0.0	0.0	0.0	0.0	0.210463299064037	0.1897088486320449	0.1532734899219923	0.0	0.0	0.0	0.0	0.1265938171187425	0.1297654784570848	0.0
12-Otf+ neurons 2	0.0	0.0	0.0	0.0	0.0	0.0	0.0	0.0	0.0	0.0	0.0	0.0	0.0	0.0	0.0	0.0	0.0	0.0	0.0	0.0	0.0	0.0	0.0	0.0	0.220409288758245	0.0	0.0	0.0	0.0	0.0	0.0	0.0	0.0	0.0	0.0	0.0	0.0	0.0	0.0	0.0	0.0	0.0	0.0	0.0	0.0	0.0	0.0	0.0	0.0	0.0	0.0	0.0	0.0	0.0	0.0	0.0	0.0	0.0	0.0	0.0	0.0	0.0	0.0	0.0	0.0
14-Otf+ neurons 1	0.0	0.0	0.0	0.0	0.0	0.0	0.0	0.0	0.0	0.0	0.0	0.0	0.0	0.0	0.0	0.0	0.0	0.0	0.0	0.0	0.0	0.0	0.0	0.2575771969101356	0.0	0.0	0.0	0.0	0.0	0.0	0.0	0.0	0.0	0.0	0.0	0.0	0.0	0.0	0.0	0.0	0.0	0.0	0.0	0.0	0.0	0.0	0.0	0.0	0.0	0.0	0.0	0.0	0.0	0.0	0.0	0.0	0.0	0.0	0.1138888164163522	0.0	0.0	0.0	0.0	0.0	0.0
18-DVB epidermal(Epi.18)	0.0	0.0	0.1008748328076689	0.125688669269686	0.0	0.0	0.0	0.0	0.1862656295786945	0.2079832953147125	0.0	0.0	0.0	0.0	0.0	0.0	0.1522030163117669	0.0	0.0	0.0	0.0	0.0	0.0	0.0	0.0	0.0	0.0	0.0	0.0	0.0	0.0	0.0	0.0	0.1239679908215667	0.0	0.0	0.0	0.0	0.0	0.0	0.0	0.1081095323089712	0.0	0.0	0.1603231841275153	0.0	0.0	0.0	0.0	0.1473112637576539	0.0	0.0	0.0	0.0	0.0	0.0	0.0	0.0	0.0	0.0	0.0	0.0	0.0	0.0	0.0
25-CNS	0.0	0.0	0.0	0.0	0.3473695404602304	0.2482518455568029	0.0	0.0	0.0	0.0	0.1167855314738707	0.0	0.0	0.0	0.1044803287254448	0.0	0.0	0.0	0.0	0.0	0.0	0.0	0.168115682554038	0.0	0.0	0.1778650856652327	0.0	0.0	0.0	0.0	0.0	0.0	0.0	0.1076502843342222	0.1895061480724681	0.0	0.0	0.0	0.0	0.0	0.0	0.0	0.0	0.0	0.0	0.0	0.0	0.0	0.0	0.1119568629715073	0.111580242395265	0.2574191240936837	0.2175513740564713	0.0	0.2101842526716445	0.0	0.0	0.0	0.1952646132405236	0.0	0.0	0.0	0.0	0.0	0.0
28-CNS progenitor	0.0	0.0	0.0	0.0	0.2532095628231713	0.2371227048662424	0.0	0.0	0.0	0.0	0.0	0.0	0.0	0.0	0.0	0.0	0.0	0.0	0.0	0.0	0.0	0.0	0.1446021539245414	0.0	0.0	0.1350934542433538	0.0	0.0	0.0	0.0	0.0	0.0	0.0	0.1083442212174082	0.1578148963765465	0.0	0.0	0.0	0.0	0.0	0.0	0.0	0.0	0.0	0.0	0.0	0.0	0.0	0.0	0.1017860081070784	0.0	0.1811216267263184	0.1500579752147043	0.0	0.1502039356812318	0.0	0.0	0.0	0.1597353327649983	0.0	0.0	0.0	0.0	0.0	0.0
35-Pharynx otf+ neuron	0.0	0.0	0.1065287072381033	0.0	0.0	0.0	0.0	0.0	0.0	0.0	0.0	0.0	0.0	0.0	0.0	0.1145004213577663	0.0	0.0	0.1823397138462347	0.1135313353966099	0.0	0.0	0.0	0.0	0.0	0.0	0.0	0.0	0.0	0.0	0.0	0.0	0.0	0.0	0.0	0.0	0.0	0.0	0.0	0.0	0.0	0.0	0.0	0.0	0.0	0.0	0.0	0.0	0.0	0.0	0.0	0.0	0.0	0.0	0.0	0.0	0.0	0.0	0.113781659579161	0.0	0.0	0.0	0.0	0.0	0.0
1-Ventral epidermal progenitor (Epi.1)	0.0	0.0	0.2062875787367063	0.0	0.0	0.0	0.0	0.0	0.1592198023267183	0.0	0.0	0.0	0.0	0.0	0.0	0.1810130806772589	0.1851070477425802	0.0	0.1344927640020727	0.0	0.0	0.0	0.0	0.0	0.0	0.0	0.0	0.0	0.0	0.0	0.0	0.0	0.0	0.0	0.0	0.0	0.0	0.0	0.0	0.0	0.0	0.0	0.0	0.0	0.0	0.0	0.0	0.0	0.0	0.0	0.0	0.0	0.0	0.0	0.0	0.0	0.0	0.0	0.1580861471945392	0.0	0.0	0.0	0.0	0.0	0.0
15-Dorsal epidermal progenitors (early stage) (Epi.15)	0.0	0.0	0.1223949477909481	0.0	0.0	0.0	0.0	0.0	0.2073994176828917	0.0	0.0	0.0	0.0	0.0	0.0	0.108835430648004	0.34678890058374	0.0	0.0	0.0	0.0	0.0	0.0	0.0	0.0	0.0	0.0	0.0	0.0	0.0	0.0	0.0	0.0	0.0	0.0	0.0	0.0	0.0	0.0	0.0	0.0	0.0	0.0	0.0	0.0	0.0	0.0	0.0	0.0	0.0	0.0	0.0	0.0	0.0	0.0	0.0	0.0	0.0	0.0	0.0	0.0	0.0	0.0	0.0	0.0
20-Ventral epidermal(Epi.20)	0.0	0.0	0.0	0.1530639846855696	0.0	0.0	0.0	0.0	0.2821971585788028	0.0	0.0	0.0	0.0	0.0	0.0	0.0	0.0	0.0	0.0	0.0	0.0	0.0	0.0	0.0	0.0	0.0	0.0	0.0	0.0	0.0	0.0	0.238158990596814	0.0	0.1507247468662253	0.0	0.0	0.1208155652131307	0.0	0.0	0.0	0.0	0.0	0.0	0.0	0.0	0.0	0.0	0.0	0.0	0.1758079549611298	0.0	0.0	0.0	0.1109276282425147	0.0	0.0	0.0	0.0	0.0	0.0	0.0	0.0	0.0	0.0	0.0
24-Dorsal epidermal(Epi.24)	0.0	0.0	0.1546823741819721	0.0	0.0	0.0	0.0	0.0	0.3204973090846696	0.0	0.0	0.0	0.0	0.0	0.0	0.1511332822391197	0.1629625896444297	0.0	0.1218726708262212	0.0	0.0	0.0	0.0	0.0	0.0	0.0	0.0	0.0	0.0	0.0	0.0	0.142026731957917	0.0	0.0	0.0	0.0	0.0	0.0	0.0	0.0	0.0	0.0	0.0	0.0	0.0	0.0	0.0	0.0	0.0	0.0	0.0	0.0	0.0	0.0	0.0	0.0	0.0	0.0	0.0	0.0	0.0	0.0	0.0	0.0	0.0
30-Dorsal epidermal progenitors (late stage) (Epi.30)	0.0	0.0	0.1434844219138343	0.0	0.0	0.0	0.0	0.1077984431427507	0.0	0.0	0.0	0.0	0.0	0.0	0.0	0.1388918057385878	0.1893014860544618	0.0	0.0	0.1135027034053804	0.0	0.0	0.0	0.0	0.0	0.0	0.0	0.0	0.0	0.0	0.0	0.0	0.0	0.0	0.0	0.0	0.0	0.0	0.0	0.0	0.0	0.0	0.0	0.0	0.0	0.0	0.0	0.0	0.0	0.0	0.0	0.0	0.0	0.0	0.0	0.0	0.0	0.0	0.1276872439724128	0.0	0.0	0.0	0.0	0.0	0.0
17-Dorsal body wall muscle	0.0	0.0	0.2583933517954689	0.0	0.0	0.0	0.0	0.0	0.0	0.0	0.0	0.0	0.0	0.0	0.0	0.2482029721664787	0.0	0.0	0.1921777202977551	0.1871200839460918	0.0	0.0	0.0	0.0	0.0	0.0	0.0	0.0	0.0	0.0	0.0	0.0	0.1025785104912813	0.0	0.0	0.0	0.0	0.0	0.0	0.0	0.0	0.0	0.0	0.0	0.0	0.0	0.0	0.0	0.0	0.0	0.0	0.0	0.0	0.0	0.0	0.0	0.0	0.0	0.1671341003543495	0.0	0.0	0.0	0.0	0.0	0.0
27-Muscle	0.0	0.0	0.0	0.0	0.0	0.0	0.0	0.1370367983673072	0.0	0.0	0.0	0.0	0.0	0.0	0.0	0.0	0.1833022857443396	0.0	0.0	0.0	0.0	0.1102594929453208	0.0	0.0	0.0	0.0	0.0	0.0	0.0	0.0	0.0	0.0	0.0	0.0	0.0	0.0	0.0	0.0	0.0	0.0	0.0	0.0	0.0	0.0	0.0	0.0	0.0	0.0	0.1198230949480928	0.0	0.0	0.0	0.0	0.0	0.0	0.0	0.0	0.0	0.0	0.0	0.0	0.0	0.0	0.0	0.0
0-Parapharyngeal parenchymal progenitor	0.0	0.0	0.0	0.0	0.0	0.0	0.1574769549146285	0.0	0.0	0.0	0.0	0.1298816769252339	0.0	0.0	0.0	0.0	0.0	0.0	0.0	0.0	0.1509829222838699	0.1857510307260189	0.0	0.0	0.0	0.0	0.0	0.0	0.0	0.0	0.0	0.0	0.0	0.0	0.0	0.0	0.0	0.0	0.0	0.0	0.0	0.0	0.0	0.0	0.0	0.1330917022059457	0.0	0.0	0.0	0.0	0.0	0.0	0.0	0.0	0.0	0.0	0.0	0.0	0.0	0.0	0.0	0.0	0.0	0.0	0.0
4-Parapharyngeal parenchymal 4	0.0	0.0	0.0	0.0	0.0	0.0	0.1266439698395918	0.0	0.0	0.0	0.0	0.1289565545659231	0.0	0.0	0.0	0.0	0.0	0.0	0.0	0.0	0.1648348582603514	0.1827444304545056	0.0	0.0	0.0	0.0	0.0	0.0	0.0	0.0	0.0	0.0	0.0	0.0	0.0	0.0	0.0	0.0	0.0	0.0	0.0	0.0	0.0	0.0	0.0	0.1017849905399266	0.0	0.0	0.0	0.0	0.0	0.0	0.0	0.0	0.0	0.1094646048107186	0.1032355807964752	0.0	0.0	0.0	0.0	0.0	0.0	0.0	0.0
7-Scattered parenchymal late progenitor	0.0	0.0	0.0	0.0	0.0	0.0	0.1477177373137042	0.1159746477519457	0.0	0.0	0.0	0.2242571696022358	0.0	0.0	0.0	0.0	0.0	0.0	0.0	0.0	0.2917114061271302	0.3243697192881751	0.0	0.0	0.0	0.0	0.0	0.0	0.0	0.0	0.0	0.0	0.0	0.0	0.0	0.0	0.0	0.0	0.0	0.0	0.0	0.0	0.0	0.2080620833130177	0.0	0.0	0.0	0.0	0.0	0.0	0.0	0.0	0.0	0.0	0.0	0.1795000848498439	0.1540560504613327	0.1263444707908765	0.0	0.0	0.0	0.0	0.116988123378403	0.1034757764659611	0.0
9-Scattered parenchymal early progenitor	0.0	0.0	0.0	0.0	0.0	0.0	0.1903696301275353	0.1472227208439777	0.0	0.0	0.0	0.272138461151544	0.0	0.0	0.0	0.0	0.0	0.0	0.0	0.1002318706376394	0.321076835489473	0.3699581052483941	0.0	0.0	0.0	0.0	0.0	0.0	0.0	0.0	0.0	0.0	0.0	0.0	0.0	0.0	0.0	0.0	0.0	0.0	0.0	0.0	0.1187192009883326	0.0	0.0	0.0	0.0	0.0	0.0	0.0	0.0	0.0	0.0	0.0	0.0	0.1952029097929239	0.1669256923231133	0.132228749950699	0.0	0.0	0.0	0.0	0.1335813574895111	0.1169789190294031	0.0
13-Parapharyngeal parenchymal 3	0.0	0.1391325597476264	0.0	0.0	0.0	0.0	0.1771185080788148	0.0	0.0	0.0	0.0	0.0	0.0	0.1765855022421941	0.0	0.0	0.0	0.0	0.0	0.0	0.1204912606712065	0.1368148201310078	0.0	0.0	0.0	0.0	0.0	0.1108543465455867	0.2345501083944711	0.2483691431832322	0.2100372538405013	0.0	0.0	0.0	0.0	0.0	0.0	0.0	0.0	0.0	0.0	0.0	0.0	0.0	0.0	0.0	0.0	0.0	0.0	0.0	0.0	0.0	0.0	0.0	0.0	0.0	0.0	0.0	0.0	0.0	0.0	0.0	0.0	0.0	0.0
22-Scattered parenchymal	0.0	0.0	0.0	0.0	0.0	0.0	0.1639520024284617	0.0	0.0	0.0	0.0	0.2683931288275344	0.0	0.0	0.0	0.0	0.0	0.0	0.0	0.0	0.3487155197609234	0.3754498598370333	0.0	0.0	0.0	0.0	0.0	0.0	0.0	0.0	0.0	0.0	0.0	0.0	0.0	0.0	0.0	0.0	0.0	0.0	0.0	0.0	0.0	0.0	0.0	0.0	0.0	0.0	0.0	0.0	0.0	0.0	0.0	0.0	0.0	0.202267145285355	0.1728133146885049	0.141473143619505	0.0	0.0	0.0	0.0	0.1412745151010027	0.127512085818998	0.0
23-Parapharyngeal parenchymal 1	0.0	0.0	0.0	0.0	0.0	0.0	0.1376007288567227	0.0	0.0	0.0	0.0	0.1212182206506265	0.0	0.0	0.0	0.0	0.0	0.0	0.0	0.0	0.1511562128056004	0.1738865128527575	0.0	0.0	0.0	0.0	0.0	0.0	0.0	0.0	0.0	0.0	0.0	0.0	0.0	0.0	0.0	0.0	0.0	0.0	0.0	0.0	0.0	0.0	0.0	0.101679435375401	0.0	0.0	0.0	0.0	0.0	0.0	0.0	0.0	0.0	0.0	0.0	0.0	0.0	0.0	0.0	0.0	0.0	0.0	0.0
26-DVB parenchymal	0.0	0.0	0.0	0.0	0.0	0.0	0.0	0.0	0.0	0.0	0.0	0.1026109864235979	0.0	0.0	0.0	0.0	0.0	0.0	0.0	0.0	0.1309734989873724	0.1509579622240724	0.0	0.0	0.0	0.0	0.0	0.0	0.0	0.0	0.0	0.0	0.0	0.0	0.0	0.0	0.0	0.0	0.0	0.0	0.1377234582540895	0.3380130139340735	0.0	0.0	0.1169284690778011	0.0	0.0	0.0	0.0	0.0	0.0	0.0	0.0	0.0	0.0	0.0	0.0	0.0	0.0	0.0	0.0	0.0	0.0	0.0	0.0
32-Parapharyngeal parenchymal 2	0.0	0.0	0.0	0.0	0.0	0.0	0.1295799441290618	0.0	0.0	0.0	0.0	0.0	0.0	0.0	0.0	0.0	0.0	0.0	0.0	0.0	0.0	0.11846051663032	0.0	0.0	0.0	0.0	0.0	0.0	0.1220684712995485	0.1030652393361639	0.0	0.0	0.0	0.0	0.0	0.0	0.0	0.0	0.0	0.0	0.0	0.0	0.0	0.0	0.0	0.0	0.0	0.0	0.0	0.0	0.0	0.0	0.0	0.0	0.0	0.0	0.0	0.0	0.0	0.0	0.0	0.0	0.0	0.0	0.0
33-Prepharyngeal parenchymal progenitor	0.0	0.0	0.0	0.0	0.0	0.0	0.0	0.0	0.0	0.0	0.0	0.1433002256063476	0.0	0.0	0.0	0.0	0.0	0.0	0.0	0.0	0.1899174167531375	0.2096676071096655	0.0	0.0	0.0	0.0	0.0	0.0	0.0	0.0	0.0	0.0	0.0	0.0	0.0	0.0	0.0	0.0	0.0	0.0	0.0	0.0	0.0	0.0	0.0	0.0	0.0	0.0	0.0	0.0	0.0	0.0	0.0	0.0	0.0	0.1160823298299547	0.0	0.0	0.0	0.0	0.0	0.0	0.0	0.0	0.0
2-Gastrovascular cavity progenitor	0.0	0.1786871272532543	0.0	0.0	0.0	0.0	0.0	0.0	0.0	0.0	0.0	0.0	0.0	0.1600779636258796	0.0	0.0	0.0	0.0	0.0	0.0	0.0	0.0	0.0	0.0	0.0	0.0	0.0	0.1418811067482353	0.2978134663631985	0.4034121836457475	0.3671797467833431	0.0	0.0	0.0	0.0	0.0	0.0	0.0	0.0	0.0	0.0	0.0	0.0	0.0	0.0	0.0	0.0	0.0	0.0	0.0	0.0	0.0	0.0	0.0	0.0	0.0	0.0	0.0	0.0	0.0	0.0	0.0	0.0	0.0	0.0
5-Goblet cells progenitor (Intestine)	0.0	0.1389799067338823	0.0	0.0	0.0	0.0	0.0	0.0	0.0	0.0	0.0	0.0	0.0	0.2606554287081393	0.0	0.0	0.0	0.0	0.0	0.0	0.0	0.0	0.0	0.0	0.0	0.0	0.0	0.1117425386853557	0.2176948453472325	0.3613596934388652	0.3562483529648839	0.0	0.0	0.0	0.0	0.0	0.0	0.0	0.0	0.1060461407366026	0.0	0.0	0.0	0.0	0.0	0.0	0.0	0.0	0.0	0.0	0.0	0.0	0.0	0.0	0.0	0.0	0.0	0.0	0.0	0.0	0.0	0.0	0.0	0.0	0.0
8-Goblet cells	0.0	0.1475738448882686	0.0	0.0	0.0	0.0	0.0	0.0	0.0	0.0	0.0	0.0	0.0	0.2212051291969996	0.0	0.0	0.0	0.0	0.0	0.0	0.0	0.0	0.0	0.0	0.0	0.0	0.0	0.1296669672290476	0.2607764234368964	0.3985686773425599	0.3891849483187536	0.0	0.0	0.0	0.0	0.0	0.0	0.0	0.0	0.1117783310065436	0.0	0.0	0.0	0.0	0.0	0.0	0.0	0.0	0.0	0.0	0.0	0.0	0.0	0.0	0.0	0.0	0.0	0.0	0.0	0.0	0.0	0.0	0.0	0.0	0.0
10-Cathepsin+ cells progenitor	0.0	0.1640091424770771	0.0	0.0	0.0	0.0	0.0	0.0	0.0	0.0	0.0	0.0	0.0	0.1338226726785761	0.0	0.0	0.0	0.1015665529019048	0.0	0.0	0.0	0.0	0.0	0.0	0.0	0.0	0.0	0.1423706811993764	0.2756537678520033	0.4103568830340362	0.3981325677851716	0.0	0.0	0.0	0.0	0.0	0.0	0.0	0.0	0.1050835767400488	0.0	0.0	0.0	0.0	0.0	0.0	0.0	0.0	0.0	0.0	0.0	0.0	0.0	0.0	0.0	0.0	0.0	0.0	0.0	0.0	0.0	0.0	0.0	0.0	0.0
21-Cathepsin+ cells	0.0	0.1573803345081655	0.0	0.0	0.0	0.0	0.0	0.0	0.0	0.0	0.0	0.0	0.0	0.1843432743052263	0.0	0.0	0.0	0.0	0.0	0.0	0.0	0.0	0.0	0.0	0.0	0.0	0.0	0.1173453877640222	0.2120553306467304	0.3540598598305922	0.35241342329939	0.0	0.0	0.0	0.0	0.0	0.0	0.0	0.0	0.0	0.0	0.0	0.0	0.0	0.0	0.0	0.0	0.0	0.0	0.0	0.0	0.0	0.0	0.0	0.0	0.0	0.0	0.0	0.0	0.0	0.0	0.0	0.0	0.0	0.0
6-Phagocytes progenitor	0.0	0.1738114954663677	0.0	0.0	0.0	0.0	0.0	0.0	0.0	0.0	0.0	0.0	0.0	0.0	0.0	0.0	0.0	0.1119379968676279	0.0	0.0	0.0	0.0	0.0	0.0	0.0	0.0	0.1025260417886449	0.164502831235689	0.2919740461259317	0.3990751304966589	0.3738462053329748	0.0	0.0	0.0	0.0	0.0	0.0	0.0	0.0	0.0	0.0	0.0	0.0	0.0	0.0	0.0	0.0	0.0	0.0	0.0	0.0	0.0	0.0	0.0	0.0	0.0	0.0	0.0	0.0	0.0	0.0	0.0	0.0	0.0	0.0
11-Prepharyngeal parenchymal	0.0	0.0	0.0	0.0	0.0	0.0	0.1720416875370431	0.0	0.0	0.0	0.0	0.2414382836306776	0.0	0.0	0.0	0.0	0.0	0.0	0.0	0.0	0.3014873219233975	0.3448455104106954	0.0	0.0	0.0	0.0	0.0	0.0	0.0	0.0	0.0	0.0	0.0	0.0	0.0	0.0	0.0	0.0	0.0	0.0	0.0	0.0	0.0	0.0	0.0	0.183789247810139	0.0	0.0	0.0	0.0	0.0	0.0	0.0	0.0	0.0	0.1835780435400302	0.1654933866212577	0.1319806312914537	0.0	0.0	0.0	0.0	0.1232386672060503	0.1053224797509432	0.0
16-Phagocytes	0.0	0.1313624002958456	0.0	0.0	0.0	0.0	0.0	0.0	0.0	0.0	0.0	0.0	0.0	0.0	0.0	0.0	0.0	0.1033133973999311	0.0	0.0	0.0	0.0	0.0	0.0	0.0	0.0	0.0	0.147503396646877	0.2785109063734987	0.4349102370198594	0.4329833211201338	0.0	0.0	0.0	0.0	0.0	0.0	0.0	0.0	0.1191570570031965	0.0	0.0	0.0	0.0	0.0	0.0	0.0	0.0	0.0	0.0	0.0	0.0	0.0	0.0	0.0	0.0	0.0	0.0	0.0	0.0	0.0	0.0	0.0	0.0	0.0
19-Pharynx	0.0	0.0	0.1740999100235978	0.0	0.0	0.0	0.0	0.0	0.0	0.0	0.0	0.0	0.0	0.0	0.0	0.1690260165173929	0.0	0.0	0.2543048374500928	0.1151416509808951	0.0	0.0	0.0	0.0	0.0	0.0	0.0	0.0	0.0	0.0	0.0	0.250931784015611	0.0	0.0	0.0	0.0	0.0	0.0	0.0	0.0	0.0	0.0	0.0	0.0	0.0	0.0	0.0	0.0	0.0	0.0	0.0	0.0	0.0	0.0	0.0	0.0	0.0	0.0	0.1598206478355636	0.0	0.0	0.0	0.0	0.0	0.0
29-Pharynx pouch	0.0	0.0	0.1154723933801837	0.0	0.0	0.0	0.0	0.0	0.0	0.0	0.0	0.0	0.0	0.0	0.0	0.123001488284013	0.0	0.0	0.1281932057415714	0.0	0.0	0.0	0.0	0.0	0.0	0.0	0.0	0.0	0.0	0.0	0.0	0.1345532569294223	0.0	0.0	0.0	0.0	0.0	0.0	0.0	0.2271580344059733	0.0	0.0	0.0	0.0	0.0	0.0	0.0	0.0	0.0	0.0	0.0	0.0	0.0	0.0	0.0	0.0	0.0	0.0	0.0	0.0	0.0	0.0	0.0	0.0	0.0
34-Protonephridia	0.0	0.0	0.0	0.0	0.0	0.0	0.0	0.1342629683270869	0.0	0.0	0.0	0.150608265538143	0.0	0.0	0.0	0.0	0.0	0.0	0.0	0.0	0.1936909388853802	0.2164947001412376	0.0	0.0	0.0	0.0	0.0	0.0	0.0	0.0	0.0	0.0	0.0	0.0	0.0	0.0	0.0	0.0	0.0	0.0	0.0	0.0	0.0	0.1951694646474651	0.0	0.0	0.0	0.0	0.1032108531948507	0.0	0.0	0.0	0.0	0.0	0.0	0.1142830685544483	0.0	0.0	0.0	0.0	0.0	0.0	0.0	0.0	0.0
